311.886 311.886
581.209 581.209
79.677 79.677
124.495 124.495
122.944 122.944
110.453 110.453
93.186 93.186
73.624 73.624
53.336 53.336
33.541 33.541
15.241 15.241
-0.756 -0.756
-13.849 -13.849
-23.649 -23.649
-29.991 -29.991
-32.926 -32.926
-32.702 -32.702
-29.739 -29.739
-24.592 -24.592
-17.903 -17.903
-10.357 -10.357
-2.634 -2.634
4.640 4.640
10.926 10.926
15.807 15.807
19.009 19.009
20.407 20.407
20.027 20.027
18.031 18.031
14.698 14.698
10.393 10.393
5.533 5.533
0.554 0.554
-4.125 -4.125
-8.137 -8.137
-11.189 -11.189
-13.082 -13.082
-13.723 -13.723
-13.126 -13.126
-11.406 -11.406
-8.763 -8.763
-5.465 -5.465
-1.819 -1.819
1.854 1.854
5.245 5.245
8.081 8.081
10.150 10.150
11.311 11.311
11.505 11.505
10.755 10.755
9.163 9.163
6.896 6.896
4.173 4.173
1.240 1.240
-1.647 -1.647
-4.246 -4.246
-6.348 -6.348
-7.793 -7.793
-8.480 -8.480
-8.379 -8.379
-7.525 -7.525
-6.013 -6.013
-3.996 -3.996
-1.658 -1.658
0.790 0.790
3.139 3.139
5.190 5.190
6.780 6.780
7.787 7.787
8.142 8.142
7.834 7.834
6.908 6.908
5.461 5.461
3.628 3.628
1.578 1.578
-0.510 -0.510
-2.456 -2.456
-4.099 -4.099
-5.306 -5.306
-5.987 -5.987
-6.095 -6.095
-5.636 -5.636
-4.663 -4.663
-3.272 -3.272
-1.591 -1.591
0.230 0.230
2.031 2.031
3.660 3.660
4.981 4.981
5.889 5.889
6.315 6.315
6.233 6.233
5.662 5.662
4.661 4.661
3.324 3.324
1.773 1.773
0.146 0.146
-1.418 -1.418
-2.785 -2.785
-3.843 -3.843
-4.507 -4.507
-4.729 -4.729
-4.498 -4.498
-3.843 -3.843
-2.828 -2.828
-1.547 -1.547
-0.114 -0.114
1.345 1.345
2.704 2.704
3.849 3.849
4.686 4.686
5.149 5.149
5.204 5.204
4.855 4.855
4.138 4.138
3.121 3.121
1.896 1.896
0.572 0.572
-0.735 -0.735
-1.914 -1.914
-2.867 -2.867
-3.514 -3.514
-3.807 -3.807
-3.724 -3.724
-3.280 -3.280
-2.518 -2.518
-1.509 -1.509
-0.344 -0.344
0.876 0.876
2.045 2.045
3.063 3.063
3.846 3.846
4.329 4.329
4.475 4.475
4.278 4.278
3.759 3.759
2.968 2.968
1.976 1.976
0.871 0.871
-0.250 -0.250
-1.290 -1.290
-2.162 -2.162
-2.792 -2.792
-3.131 -3.131
-3.153 -3.153
-2.860 -2.860
-2.283 -2.283
-1.473 -1.473
-0.505 -0.505
0.536 0.536
1.561 1.561
2.480 2.480
3.218 3.218
3.712 3.712
3.923 3.923
3.837 3.837
3.465 3.465
2.843 2.843
2.027 2.027
1.090 1.090
0.113 0.113
-0.818 -0.818
-1.624 -1.624
-2.237 -2.237
-2.608 -2.608
-2.706 -2.706
-2.528 -2.528
-2.091 -2.091
-1.436 -1.436
-0.622 -0.622
0.279 0.279
1.188 1.188
2.028 2.028
2.726 2.726
3.225 3.225
3.484 3.484
3.483 3.483
3.225 3.225
2.735 2.735
2.058 2.058
1.255 1.255
0.395 0.395
-0.446 -0.446
-1.196 -1.196
-1.793 -1.793
-2.185 -2.185
-2.342 -2.342
-2.253 -2.253
-1.928 -1.928
-1.396 -1.396
-0.707 -0.707
0.078 0.078
0.892 0.892
1.664 1.664
2.328 2.328
2.827 2.827
3.121 3.121
3.186 3.186
3.019 3.019
2.637 2.637
2.075 2.075
1.382 1.382
0.620 0.620
-0.145 -0.145
-0.846 -0.846
-1.425 -1.425
-1.833 -1.833
-2.035 -2.035
-2.018 -2.018
-1.783 -1.783
-1.354 -1.354
-0.769 -0.769
-0.080 -0.080
0.652 0.652
1.364 1.364
1.996 1.996
2.492 2.492
2.813 2.813
2.931 2.931
2.839 2.839
2.546 2.546
2.079 2.079
1.480 1.480
0.802 0.802
0.104 0.104
-0.553 -0.553
-1.114 -1.114
-1.531 -1.531
-1.770 -1.770
-1.810 -1.810
-1.651 -1.651
-1.308 -1.308
-0.812 -0.812
-0.208 -0.208
0.453 0.453
1.112 1.112
1.713 1.713
2.205 2.205
2.545 2.545
2.706 2.706
2.676 2.676
2.458 2.458
2.073 2.073
1.556 1.556
0.952 0.952
0.314 0.314
-0.303 -0.303
-0.846 -0.846
-1.269 -1.269
-1.535 -1.535
-1.624 -1.624
-1.529 -1.529
-1.260 -1.260
-0.841 -0.841
-0.310 -0.310
0.287 0.287
0.898 0.898
1.470 1.470
1.953 1.953
2.308 2.308
2.504 2.504
2.526 2.526
2.373 2.373
2.059 2.059
1.614 1.614
1.075 1.075
0.491 0.491
-0.088 -0.088
-0.612 -0.612
-1.036 -1.036
-1.324 -1.324
-1.454 -1.454
-1.413 -1.413
-1.208 -1.208
-0.857 -0.857
-0.392 -0.392
0.147 0.147
0.713 0.713
1.256 1.256
1.731 1.731
2.095 2.095
2.320 2.320
2.386 2.386
2.289 2.289
2.038 2.038
1.656 1.656
1.177 1.177
0.643 0.643
0.101 0.101
-0.404 -0.404
-0.827 -0.827
-1.133 -1.133
-1.296 -1.296
-1.303 -1.303
-1.154 -1.154
-0.864 -0.864
-0.457 -0.457
0.029 0.029
0.552 0.552
1.068 1.068
1.531 1.531
1.902 1.902
2.150 2.150
2.254 2.254
2.206 2.206
2.011 2.011
1.686 1.686
1.262 1.262
0.774 0.774
0.266 0.266
-0.218 -0.218
-0.638 -0.638
-0.957 -0.957
-1.148 -1.148
-1.196 -1.196
-1.097 -1.097
-0.861 -0.861
-0.508 -0.508
-0.071 -0.071
0.412 0.412
0.900 0.900
1.351 1.351
1.726 1.726
1.992 1.992
2.128 2.128
2.123 2.123
1.977 1.977
1.706 1.706
1.331 1.331
0.887 0.887
0.413 0.413
-0.052 -0.052
-0.466 -0.466
-0.794 -0.794
-1.008 -1.008
-1.092 -1.092
-1.037 -1.037
-0.850 -0.850
-0.547 -0.547
-0.156 -0.156
0.290 0.290
0.751 0.751
1.188 1.188
1.563 1.563
1.844 1.844
2.007 2.007
2.040 2.040
1.939 1.939
1.715 1.715
1.387 1.387
0.985 0.985
0.542 0.542
0.099 0.099
-0.308 -0.308
-0.642 -0.642
-0.876 -0.876
-0.990 -0.990
-0.975 -0.975
-0.832 -0.832
-0.575 -0.575
-0.227 -0.227
0.182 0.182
0.616 0.616
1.038 1.038
1.412 1.412
1.704 1.704
1.891 1.891
1.957 1.957
1.897 1.897
1.716 1.716
1.432 1.432
1.068 1.068
0.657 0.657
0.235 0.235
-0.162 -0.162
-0.500 -0.500
-0.750 -0.750
-0.890 -0.890
-0.910 -0.910
-0.808 -0.808
-0.594 -0.594
-0.286 -0.286
0.088 0.088
0.496 0.496
0.902 0.902
1.271 1.271
1.572 1.572
1.779 1.779
1.874 1.874
1.850 1.850
1.710 1.710
1.466 1.466
1.140 1.140
0.760 0.760
0.359 0.359
-0.027 -0.027
-0.366 -0.366
-0.628 -0.628
-0.792 -0.792
-0.844 -0.844
-0.779 -0.779
-0.604 -0.604
-0.334 -0.334
0.006 0.006
0.387 0.387
0.776 0.776
1.140 1.140
1.446 1.446
1.670 1.670
1.791 1.791
1.800 1.800
1.697 1.697
1.491 1.491
1.200 1.200
0.850 0.850
0.472 0.472
0.098 0.098
-0.240 -0.240
-0.512 -0.512
-0.696 -0.696
-0.775 -0.775
-0.744 -0.744
-0.606 -0.606
-0.373 -0.373
-0.065 -0.065
0.290 0.290
0.661 0.661
1.017 1.017
1.327 1.327
1.564 1.564
1.707 1.707
1.746 1.746
1.677 1.677
1.507 1.507
1.251 1.251
0.930 0.930
0.574 0.574
0.213 0.213
-0.121 -0.121
-0.401 -0.401
-0.601 -0.601
-0.705 -0.705
-0.705 -0.705
-0.601 -0.601
-0.402 -0.402
-0.126 -0.126
0.203 0.203
0.556 0.556
0.903 0.903
1.213 1.213
1.461 1.461
1.624 1.624
1.690 1.690
1.653 1.653
1.516 1.516
1.292 1.292
1.001 1.001
0.667 0.667
0.321 0.321
-0.009 -0.009
-0.293 -0.293
-0.508 -0.508
-0.634 -0.634
-0.662 -0.662
-0.590 -0.590
-0.423 -0.423
-0.178 -0.178
0.125 0.125
0.459 0.459
0.795 0.795
1.105 1.105
1.361 1.361
1.541 1.541
1.631 1.631
1.623 1.623
1.518 1.518
1.325 1.325
1.062 1.062
0.751 0.751
0.420 0.420
0.097 0.097
-0.190 -0.190
-0.416 -0.416
-0.562 -0.562
-0.616 -0.616
-0.573 -0.573
-0.437 -0.437
-0.222 -0.222
0.056 0.056
0.370 0.370
0.695 0.695
1.001 1.001
1.263 1.263
1.458 1.458
1.570 1.570
1.588 1.588
1.513 1.513
1.350 1.350
1.115 1.115
0.827 0.827
0.512 0.512
0.197 0.197
-0.090 -0.090
-0.326 -0.326
-0.489 -0.489
-0.566 -0.566
-0.550 -0.550
-0.444 -0.444
-0.257 -0.257
-0.005 -0.005
0.290 0.290
0.601 0.601
0.903 0.903
1.169 1.169
1.376 1.376
1.507 1.507
1.550 1.550
1.502 1.502
1.368 1.368
1.159 1.159
0.895 0.895
0.597 0.597
0.291 0.291
0.005 0.005
-0.237 -0.237
-0.415 -0.415
-0.513 -0.513
-0.523 -0.523
-0.445 -0.445
-0.285 -0.285
-0.058 -0.058
0.216 0.216
0.514 0.514
0.810 0.810
1.078 1.078
1.295 1.295
1.442 1.442
1.508 1.508
1.486 1.486
1.379 1.379
1.197 1.197
0.955 0.955
0.674 0.674
0.380 0.380
0.097 0.097
-0.151 -0.151
-0.341 -0.341
-0.458 -0.458
-0.492 -0.492
-0.440 -0.440
-0.307 -0.307
-0.104 -0.104
0.150 0.150
0.433 0.433
0.721 0.721
0.989 0.989
1.214 1.214
1.376 1.376
1.462 1.462
1.465 1.465
1.384 1.384
1.227 1.227
1.008 1.008
0.746 0.746
0.463 0.463
0.184 0.184
-0.066 -0.066
-0.267 -0.267
-0.401 -0.401
-0.456 -0.456
-0.429 -0.429
-0.321 -0.321
-0.143 -0.143
0.090 0.090
0.358 0.358
0.637 0.637
0.904 0.904
1.134 1.134
1.309 1.309
1.414 1.414
1.439 1.439
1.383 1.383
1.251 1.251
1.055 1.055
0.811 0.811
0.541 0.541
0.268 0.268
0.016 0.016
-0.193 -0.193
-0.342 -0.342
-0.417 -0.417
-0.413 -0.413
-0.330 -0.330
-0.175 -0.175
0.037 0.037
0.289 0.289
0.558 0.558
0.821 0.821
1.056 1.056
1.242 1.242
1.363 1.363
1.410 1.410
1.377 1.377
1.269 1.269
1.095 1.095
0.870 0.870
0.613 0.613
0.348 0.348
0.096 0.096
-0.120 -0.120
-0.281 -0.281
-0.375 -0.375
-0.392 -0.392
-0.333 -0.333
-0.202 -0.202
-0.010 -0.010
0.225 0.225
0.483 0.483
0.742 0.742
0.979 0.979
1.174 1.174
1.310 1.310
1.376 1.376
1.366 1.366
1.281 1.281
1.129 1.129
0.922 0.922
0.680 0.680
0.423 0.423
0.174 0.174
-0.047 -0.047
-0.219 -0.219
-0.329 -0.329
-0.367 -0.367
-0.330 -0.330
-0.222 -0.222
-0.051 -0.051
0.167 0.167
0.413 0.413
0.666 0.666
0.904 0.904
1.106 1.106
1.255 1.255
1.339 1.339
1.350 1.350
1.287 1.287
1.156 1.156
0.969 0.969
0.742 0.742
0.495 0.495
0.249 0.249
0.025 0.025
-0.157 -0.157
-0.282 -0.282
-0.339 -0.339
-0.323 -0.323
-0.236 -0.236
-0.086 -0.086
0.115 0.115
0.348 0.348
0.594 0.594
0.830 0.830
1.038 1.038
1.199 1.199
1.299 1.299
1.329 1.329
1.288 1.288
1.178 1.178
1.011 1.011
0.799 0.799
0.563 0.563
0.321 0.321
0.096 0.096
-0.094 -0.094
-0.232 -0.232
-0.306 -0.306
-0.311 -0.311
-0.245 -0.245
-0.115 -0.115
0.068 0.068
0.287 0.287
0.525 0.525
0.759 0.759
0.971 0.971
1.141 1.141
1.255 1.255
1.304 1.304
1.283 1.283
1.195 1.195
1.047 1.047
0.851 0.851
0.626 0.626
0.391 0.391
0.165 0.165
-0.030 -0.030
-0.180 -0.180
-0.270 -0.270
-0.294 -0.294
-0.249 -0.249
-0.139 -0.139
0.026 0.026
0.231 0.231
0.459 0.459
0.690 0.690
0.904 0.904
1.082 1.082
1.210 1.210
1.276 1.276
1.275 1.275
1.206 1.206
1.077 1.077
0.898 0.898
0.686 0.686
0.457 0.457
0.233 0.233
0.033 0.033
-0.127 -0.127
-0.232 -0.232
-0.273 -0.273
-0.247 -0.247
-0.157 -0.157
-0.011 -0.011
0.180 0.180
0.397 0.397
0.623 0.623
0.838 0.838
1.023 1.023
1.163 1.163
1.244 1.244
1.261 1.261
1.213 1.213
1.102 1.102
0.940 0.940
0.741 0.741
0.521 0.521
0.299 0.299
0.096 0.096
-0.072 -0.072
-0.190 -0.190
-0.248 -0.248
-0.242 -0.242
-0.171 -0.171
-0.042 -0.042
0.133 0.133
0.340 0.340
0.559 0.559
0.774 0.774
0.964 0.964
1.113 1.113
1.209 1.209
1.244 1.244
1.214 1.214
1.123 1.123
0.977 0.977
0.791 0.791
0.581 0.581
0.363 0.363
0.158 0.158
-0.017 -0.017
-0.147 -0.147
-0.220 -0.220
-0.231 -0.231
-0.179 -0.179
-0.069 -0.069
0.091 0.091
0.285 0.285
0.498 0.498
0.710 0.710
0.904 0.904
1.062 1.062
1.172 1.172
1.223 1.223
1.211 1.211
1.138 1.138
1.010 1.010
0.838 0.838
0.637 0.637
0.425 0.425
0.220 0.220
0.039 0.039
-0.101 -0.101
-0.189 -0.189
-0.217 -0.217
-0.183 -0.183
-0.090 -0.090
0.053 0.053
0.235 0.235
0.440 0.440
0.649 0.649
0.845 0.845
1.011 1.011
1.132 1.132
1.198 1.198
1.204 1.204
1.148 1.148
1.037 1.037
0.880 0.880
0.690 0.690
0.484 0.484
0.280 0.280
0.096 0.096
-0.054 -0.054
-0.155 -0.155
-0.199 -0.199
-0.183 -0.183
-0.107 -0.107
0.020 0.020
0.189 0.189
0.384 0.384
0.589 0.589
0.786 0.786
0.958 0.958
1.089 1.089
1.170 1.170
1.192 1.192
1.154 1.154
1.060 1.060
0.918 0.918
0.740 0.740
0.541 0.541
0.340 0.340
0.152 0.152
-0.005 -0.005
-0.118 -0.118
-0.177 -0.177
-0.178 -0.178
-0.120 -0.120
-0.008 -0.008
0.147 0.147
0.332 0.332
0.532 0.532
0.728 0.728
0.904 0.904
1.045 1.045
1.139 1.139
1.177 1.177
1.156 1.156
1.079 1.079
0.952 0.952
0.786 0.786
0.595 0.595
0.397 0.397
0.208 0.208
0.045 0.045
-0.079 -0.079
-0.152 -0.152
-0.169 -0.169
-0.128 -0.128
-0.032 -0.032
0.109 0.109
0.283 0.283
0.476 0.476
0.671 0.671
0.851 0.851
0.999 0.999
1.105 1.105
1.158 1.158
1.153 1.153
1.093 1.093
0.981 0.981
0.828 0.828
0.647 0.647
0.453 0.453
0.264 0.264
0.096 0.096
-0.037 -0.037
-0.124 -0.124
-0.156 -0.156
-0.131 -0.131
-0.052 -0.052
0.075 0.075
0.238 0.238
0.424 0.424
0.615 0.615
0.797 0.797
0.952 0.952
1.068 1.068
1.135 1.135
1.147 1.147
1.102 1.102
1.006 1.006
0.866 0.866
0.695 0.695
0.507 0.507
0.319 0.319
0.147 0.147
0.006 0.006
-0.093 -0.093
-0.139 -0.139
-0.131 -0.131
-0.068 -0.068
0.045 0.045
0.196 0.196
0.373 0.373
0.561 0.561
0.743 0.743
0.904 0.904
1.030 1.030
1.110 1.110
1.136 1.136
1.108 1.108
1.027 1.027
0.901 0.901
0.740 0.740
0.559 0.559
0.373 0.373
0.198 0.198
0.050 0.050
-0.059 -0.059
-0.119 -0.119
-0.126 -0.126
-0.079 -0.079
0.019 0.019
0.157 0.157
0.326 0.326
0.509 0.509
0.691 0.691
0.856 0.856
0.990 0.990
1.081 1.081
1.122 1.122
1.109 1.109
1.044 1.044
0.931 0.931
0.782 0.782
0.608 0.608
0.425 0.425
0.249 0.249
0.096 0.096
-0.023 -0.023
-0.096 -0.096
-0.118 -0.118
-0.086 -0.086
-0.003 -0.003
0.123 0.123
0.281 0.281
0.458 0.458
0.638 0.638
0.806 0.806
0.948 0.948
1.050 1.050
1.105 1.105
1.107 1.107
1.056 1.056
0.958 0.958
0.820 0.820
0.655 0.655
0.477 0.477
0.301 0.301
0.142 0.142
0.015 0.015
-0.070 -0.070
-0.106 -0.106
-0.089 -0.089
-0.021 -0.021
0.091 0.091
0.239 0.239
0.409 0.409
0.587 0.587
0.757 0.757
0.904 0.904
1.017 1.017
1.084 1.084
1.100 1.100
1.065 1.065
0.981 0.981
0.855 0.855
0.699 0.699
0.526 0.526
0.351 0.351
0.189 0.189
0.054 0.054
-0.042 -0.042
-0.091 -0.091
-0.088 -0.088
-0.035 -0.035
0.064 0.064
0.201 0.201
0.363 0.363
0.537 0.537
0.708 0.708
0.860 0.860
0.981 0.981
1.060 1.060
1.091 1.091
1.070 1.070
1.000 1.000
0.887 0.887
0.741 0.741
0.574 0.574
0.401 0.401
0.237 0.237
0.096 0.096
-0.010 -0.010
-0.072 -0.072
-0.084 -0.084
-0.045 -0.045
0.040 0.040
0.165 0.165
0.319 0.319
0.489 0.489
0.659 0.659
0.815 0.815
0.944 0.944
1.034 1.034
1.077 1.077
1.071 1.071
1.015 1.015
0.915 0.915
0.779 0.779
0.619 0.619
0.449 0.449
0.284 0.284
0.138 0.138
0.023 0.023
-0.050 -0.050
-0.076 -0.076
-0.052 -0.052
0.020 0.020
0.133 0.133
0.278 0.278
0.442 0.442
0.611 0.611
0.769 0.769
0.905 0.905
1.005 1.005
1.061 1.061
1.068 1.068
1.027 1.027
0.940 0.940
0.815 0.815
0.663 0.663
0.497 0.497
0.332 0.332
0.181 0.181
0.058 0.058
-0.026 -0.026
-0.065 -0.065
-0.054 -0.054
0.004 0.004
0.105 0.105
0.240 0.240
0.397 0.397
0.563 0.563
0.723 0.723
0.864 0.864
0.973 0.973
1.041 1.041
1.062 1.062
1.034 1.034
0.961 0.961
0.847 0.847
0.704 0.704
0.543 0.543
0.379 0.379
0.225 0.225
0.095 0.095
0.001 0.001
-0.050 -0.050
-0.053 -0.053
-0.009 -0.009
0.079 0.079
0.204 0.204
0.354 0.354
0.517 0.517
0.677 0.677
0.823 0.823
0.940 0.940
1.019 1.019
1.053 1.053
1.039 1.039
0.978 0.978
0.876 0.876
0.742 0.742
0.587 0.587
0.425 0.425
0.269 0.269
0.134 0.134
0.031 0.031
-0.032 -0.032
-0.049 -0.049
-0.018 -0.018
0.058 0.058
0.171 0.171
0.314 0.314
0.472 0.472
0.632 0.632
0.780 0.780
0.905 0.905
0.994 0.994
1.040 1.040
1.039 1.039
0.992 0.992
0.902 0.902
0.778 0.778
0.630 0.630
0.470 0.470
0.314 0.314
0.174 0.174
0.062 0.062
-0.012 -0.012
-0.041 -0.041
-0.023 -0.023
0.039 0.039
0.142 0.142
0.275 0.275
0.428 0.428
0.587 0.587
0.738 0.738
0.868 0.868
0.966 0.966
1.024 1.024
1.036 1.036
1.002 1.002
0.925 0.925
0.811 0.811
0.670 0.670
0.515 0.515
0.358 0.358
0.214 0.214
0.095 0.095
0.012 0.012
-0.030 -0.030
-0.026 -0.026
0.024 0.024
0.115 0.115
0.239 0.239
0.386 0.386
0.542 0.542
0.694 0.694
0.830 0.830
0.936 0.936
1.005 1.005
1.030 1.030
1.009 1.009
0.944 0.944
0.841 0.841
0.708 0.708
0.558 0.558
0.402 0.402
0.256 0.256
0.131 0.131
0.037 0.037
-0.016 -0.016
-0.024 -0.024
0.013 0.013
0.092 0.092
0.206 0.206
0.346 0.346
0.498 0.498
0.651 0.651
0.790 0.790
0.905 0.905
0.984 0.984
1.021 1.021
1.012 1.012
0.960 0.960
0.868 0.868
0.744 0.744
0.599 0.599
0.446 0.446
0.298 0.298
0.167 0.167
0.065 0.065
0.001 0.001
-0.019 -0.019
0.005 0.005
0.072 0.072
0.176 0.176
0.308 0.308
0.456 0.456
0.608 0.608
0.751 0.751
0.871 0.871
0.960 0.960
1.008 1.008
1.012 1.012
0.973 0.973
0.892 0.892
0.777 0.777
0.639 0.639
0.489 0.489
0.340 0.340
0.205 0.205
0.095 0.095
0.021 0.021
-0.011 -0.011
0.000 0.000
0.055 0.055
0.148 0.148
0.272 0.272
0.415 0.415
0.565 0.565
0.710 0.710
0.836 0.836
0.933 0.933
0.992 0.992
1.009 1.009
0.982 0.982
0.913 0.913
0.808 0.808
0.677 0.677
0.531 0.531
0.382 0.382
0.243 0.243
0.127 0.127
0.044 0.044
-0.001 -0.001
-0.001 -0.001
0.041 0.041
0.124 0.124
0.238 0.238
0.376 0.376
0.523 0.523
0.669 0.669
0.800 0.800
0.905 0.905
0.974 0.974
1.003 1.003
0.988 0.988
0.931 0.931
0.836 0.836
0.713 0.713
0.571 0.571
0.424 0.424
0.283 0.283
0.161 0.161
0.068 0.068
0.013 0.013
0.001 0.001
0.031 0.031
0.102 0.102
0.207 0.207
0.338 0.338
0.482 0.482
0.628 0.628
0.763 0.763
0.874 0.874
0.953 0.953
0.993 0.993
0.990 0.990
0.945 0.945
0.861 0.861
0.747 0.747
0.610 0.610
0.465 0.465
0.323 0.323
0.196 0.196
0.095 0.095
0.030 0.030
0.006 0.006
0.024 0.024
0.083 0.083
0.179 0.179
0.302 0.302
0.442 0.442
0.587 0.587
0.724 0.724
0.842 0.842
0.930 0.930
0.981 0.981
0.990 0.990
0.957 0.957
0.884 0.884
0.778 0.778
0.648 0.648
0.505 0.505
0.363 0.363
0.232 0.232
0.124 0.124
0.049 0.049
0.014 0.014
0.020 0.020
0.068 0.068
0.153 0.153
0.268 0.268
0.403 0.403
0.546 0.546
0.686 0.686
0.809 0.809
0.905 0.905
0.966 0.966
0.986 0.986
0.965 0.965
0.903 0.903
0.807 0.807
0.684 0.684
0.545 0.545
0.403 0.403
0.269 0.269
0.155 0.155
0.071 0.071
0.025 0.025
0.019 0.019
0.055 0.055
0.130 0.130
0.236 0.236
0.366 0.366
0.506 0.506
0.646 0.646
0.774 0.774
0.877 0.877
0.948 0.948
0.980 0.980
0.970 0.970
0.920 0.920
0.833 0.833
0.718 0.718
0.584 0.584
0.443 0.443
0.307 0.307
0.187 0.187
0.095 0.095
0.038 0.038
0.022 0.022
0.046 0.046
0.110 0.110
0.207 0.207
0.330 0.330
0.467 0.467
0.607 0.607
0.738 0.738
0.848 0.848
0.927 0.927
0.970 0.970
0.972 0.972
0.933 0.933
0.857 0.857
0.750 0.750
0.621 0.621
0.482 0.482
0.345 0.345
0.221 0.221
0.122 0.122
0.055 0.055
0.027 0.027
0.040 0.040
0.092 0.092
0.180 0.180
0.296 0.296
0.429 0.429
0.568 0.568
0.701 0.701
0.817 0.817
0.905 0.905
0.958 0.958
0.971 0.971
0.943 0.943
0.878 0.878
0.779 0.779
0.657 0.657
0.521 0.521
0.383 0.383
0.256 0.256
0.150 0.150
0.074 0.074
0.035 0.035
0.037 0.037
0.078 0.078
0.156 0.156
0.264 0.264
0.392 0.392
0.529 0.529
0.664 0.664
0.784 0.784
0.880 0.880
0.942 0.942
0.967 0.967
0.951 0.951
0.896 0.896
0.806 0.806
0.691 0.691
0.559 0.559
0.422 0.422
0.291 0.291
0.179 0.179
0.095 0.095
0.046 0.046
0.037 0.037
0.067 0.067
0.135 0.135
0.234 0.234
0.356 0.356
0.491 0.491
0.626 0.626
0.750 0.750
0.853 0.853
0.925 0.925
0.960 0.960
0.955 0.955
0.911 0.911
0.831 0.831
0.723 0.723
0.595 0.595
0.460 0.460
0.328 0.328
0.211 0.211
0.119 0.119
0.060 0.060
0.039 0.039
0.058 0.058
0.116 0.116
0.206 0.206
0.322 0.322
0.453 0.453
0.588 0.588
0.716 0.716
0.824 0.824
0.905 0.905
0.950 0.950
0.956 0.956
0.923 0.923
0.853 0.853
0.753 0.753
0.631 0.631
0.498 0.498
0.365 0.365
0.243 0.243
0.145 0.145
0.076 0.076
0.045 0.045
0.053 0.053
0.100 0.100
0.181 0.181
0.290 0.290
0.417 0.417
0.551 0.551
0.680 0.680
0.794 0.794
0.882 0.882
0.937 0.937
0.955 0.955
0.933 0.933
0.873 0.873
0.781 0.781
0.665 0.665
0.535 0.535
0.402 0.402
0.277 0.277
0.172 0.172
0.095 0.095
0.054 0.054
0.051 0.051
0.087 0.087
0.158 0.158
0.259 0.259
0.381 0.381
0.513 0.513
0.644 0.644
0.762 0.762
0.858 0.858
0.922 0.922
0.950 0.950
0.939 0.939
0.890 0.890
0.807 0.807
0.698 0.698
0.571 0.571
0.439 0.439
0.312 0.312
0.201 0.201
0.116 0.116
0.065 0.065
0.051 0.051
0.076 0.076
0.138 0.138
0.231 0.231
0.347 0.347
0.476 0.476
0.608 0.608
0.730 0.730
0.832 0.832
0.905 0.905
0.943 0.943
0.943 0.943
0.904 0.904
0.830 0.830
0.728 0.728
0.607 0.607
0.476 0.476
0.347 0.347
0.232 0.232
0.140 0.140
0.079 0.079
0.055 0.055
0.069 0.069
0.120 0.120
0.205 0.205
0.314 0.314
0.440 0.440
0.571 0.571
0.696 0.696
0.803 0.803
0.885 0.885
0.933 0.933
0.943 0.943
0.915 0.915
0.851 0.851
0.757 0.757
0.641 0.641
0.512 0.512
0.383 0.383
0.264 0.264
0.165 0.165
0.095 0.095
0.061 0.061
0.064 0.064
0.105 0.105
0.181 0.181
0.284 0.284
0.405 0.405
0.535 0.535
0.661 0.661
0.774 0.774
0.863 0.863
0.920 0.920
0.941 0.941
0.924 0.924
0.870 0.870
0.784 0.784
0.674 0.674
0.548 0.548
0.419 0.419
0.297 0.297
0.192 0.192
0.114 0.114
0.070 0.070
0.062 0.062
0.093 0.093
0.159 0.159
0.254 0.254
0.371 0.371
0.499 0.499
0.626 0.626
0.743 0.743
0.839 0.839
0.905 0.905
0.936 0.936
0.929 0.929
0.886 0.886
0.809 0.809
0.705 0.705
0.583 0.583
0.455 0.455
0.330 0.330
0.221 0.221
0.135 0.135
0.081 0.081
0.064 0.064
0.084 0.084
0.140 0.140
0.227 0.227
0.338 0.338
0.463 0.463
0.591 0.591
0.711 0.711
0.813 0.813
0.887 0.887
0.928 0.928
0.932 0.932
0.899 0.899
0.831 0.831
0.734 0.734
0.618 0.618
0.491 0.491
0.365 0.365
0.251 0.251
0.158 0.158
0.095 0.095
0.067 0.067
0.077 0.077
0.123 0.123
0.202 0.202
0.307 0.307
0.428 0.428
0.555 0.555
0.678 0.678
0.785 0.785
0.867 0.867
0.918 0.918
0.932 0.932
0.909 0.909
0.851 0.851
0.762 0.762
0.651 0.651
0.526 0.526
0.400 0.400
0.282 0.282
0.183 0.183
0.112 0.112
0.074 0.074
0.073 0.073
0.109 0.109
0.179 0.179
0.277 0.277
0.394 0.394
0.520 0.520
0.644 0.644
0.756 0.756
0.845 0.845
0.905 0.905
0.929 0.929
0.917 0.917
0.868 0.868
0.788 0.788
0.682 0.682
0.561 0.561
0.435 0.435
0.314 0.314
0.210 0.210
0.131 0.131
0.083 0.083
0.072 0.072
0.098 0.098
0.159 0.159
0.249 0.249
0.361 0.361
0.484 0.484
0.610 0.610
0.725 0.725
0.821 0.821
0.889 0.889
0.924 0.924
0.922 0.922
0.883 0.883
0.811 0.811
0.712 0.712
0.595 0.595
0.470 0.470
0.347 0.347
0.238 0.238
0.152 0.152
0.095 0.095
0.074 0.074
0.090 0.090
0.141 0.141
0.223 0.223
0.329 0.329
0.450 0.450
0.575 0.575
0.694 0.694
0.795 0.795
0.872 0.872
0.916 0.916
0.924 0.924
0.895 0.895
0.832 0.832
0.741 0.741
0.628 0.628
0.505 0.505
0.381 0.381
0.268 0.268
0.175 0.175
0.110 0.110
0.078 0.078
0.084 0.084
0.125 0.125
0.199 0.199
0.299 0.299
0.416 0.416
0.540 0.540
0.661 0.661
0.768 0.768
0.852 0.852
0.905 0.905
0.923 0.923
0.904 0.904
0.851 0.851
0.767 0.767
0.660 0.660
0.540 0.540
0.415 0.415
0.299 0.299
0.199 0.199
0.126 0.126
0.086 0.086
0.081 0.081
0.112 0.112
0.177 0.177
0.270 0.270
0.383 0.383
0.505 0.505
0.628 0.628
0.739 0.739
0.829 0.829
0.891 0.891
0.920 0.920
0.911 0.911
0.867 0.867
0.792 0.792
0.691 0.691
0.574 0.574
0.450 0.450
0.331 0.331
0.226 0.226
0.145 0.145
0.095 0.095
0.080 0.080
0.102 0.102
0.157 0.157
0.243 0.243
0.350 0.350
0.471 0.471
0.594 0.594
0.709 0.709
0.806 0.806
0.876 0.876
0.913 0.913
0.915 0.915
0.881 0.881
0.814 0.814
0.720 0.720
0.607 0.607
0.484 0.484
0.363 0.363
0.254 0.254
0.166 0.166
0.107 0.107
0.083 0.083
0.094 0.094
0.140 0.140
0.218 0.218
0.320 0.320
0.437 0.437
0.560 0.560
0.678 0.678
0.780 0.780
0.858 0.858
0.905 0.905
0.917 0.917
0.893 0.893
0.834 0.834
0.747 0.747
0.639 0.639
0.519 0.519
0.397 0.397
0.284 0.284
0.189 0.189
0.122 0.122
0.088 0.088
0.089 0.089
0.125 0.125
0.195 0.195
0.290 0.290
0.404 0.404
0.526 0.526
0.645 0.645
0.752 0.752
0.838 0.838
0.894 0.894
0.915 0.915
0.901 0.901
0.852 0.852
0.773 0.773
0.670 0.670
0.552 0.552
0.430 0.430
0.314 0.314
0.214 0.214
0.139 0.139
0.095 0.095
0.086 0.086
0.113 0.113
0.174 0.174
0.262 0.262
0.371 0.371
0.492 0.492
0.613 0.613
0.724 0.724
0.816 0.816
0.880 0.880
0.911 0.911
0.907 0.907
0.868 0.868
0.797 0.797
0.700 0.700
0.586 0.586
0.464 0.464
0.346 0.346
0.241 0.241
0.158 0.158
0.105 0.105
0.087 0.087
0.104 0.104
0.155 0.155
0.236 0.236
0.340 0.340
0.458 0.458
0.579 0.579
0.694 0.694
0.791 0.791
0.864 0.864
0.905 0.905
0.911 0.911
0.881 0.881
0.818 0.818
0.728 0.728
0.618 0.618
0.498 0.498
0.378 0.378
0.269 0.269
0.180 0.180
0.118 0.118
0.090 0.090
0.097 0.097
0.139 0.139
0.212 0.212
0.310 0.310
0.425 0.425
0.546 0.546
0.663 0.663
0.766 0.766
0.846 0.846
0.896 0.896
0.911 0.911
0.891 0.891
0.838 0.838
0.755 0.755
0.650 0.650
0.532 0.532
0.411 0.411
0.298 0.298
0.203 0.203
0.133 0.133
0.095 0.095
0.092 0.092
0.125 0.125
0.190 0.190
0.281 0.281
0.392 0.392
0.512 0.512
0.631 0.631
0.738 0.738
0.825 0.825
0.884 0.884
0.909 0.909
0.899 0.899
0.855 0.855
0.780 0.780
0.680 0.680
0.565 0.565
0.445 0.445
0.329 0.329
0.228 0.228
0.150 0.150
0.103 0.103
0.091 0.091
0.113 0.113
0.170 0.170
0.254 0.254
0.360 0.360
0.478 0.478
0.598 0.598
0.710 0.710
0.803 0.803
0.870 0.870
0.905 0.905
0.905 0.905
0.870 0.870
0.803 0.803
0.709 0.709
0.598 0.598
0.478 0.478
0.360 0.360
0.255 0.255
0.170 0.170
0.114 0.114
0.092 0.092
0.105 0.105
0.152 0.152
0.229 0.229
0.330 0.330
0.445 0.445
0.565 0.565
0.680 0.680
0.779 0.779
0.853 0.853
0.898 0.898
0.907 0.907
0.882 0.882
0.823 0.823
0.737 0.737
0.630 0.630
0.512 0.512
0.392 0.392
0.283 0.283
0.192 0.192
0.127 0.127
0.095 0.095
0.098 0.098
0.136 0.136
0.205 0.205
0.300 0.300
0.412 0.412
0.532 0.532
0.649 0.649
0.753 0.753
0.835 0.835
0.888 0.888
0.907 0.907
0.892 0.892
0.842 0.842
0.763 0.763
0.661 0.661
0.545 0.545
0.425 0.425
0.312 0.312
0.215 0.215
0.143 0.143
0.101 0.101
0.095 0.095
0.123 0.123
0.184 0.184
0.272 0.272
0.380 0.380
0.498 0.498
0.617 0.617
0.725 0.725
0.814 0.814
0.876 0.876
0.905 0.905
0.899 0.899
0.858 0.858
0.787 0.787
0.691 0.691
0.578 0.578
0.458 0.458
0.342 0.342
0.240 0.240
0.160 0.160
0.110 0.110
0.094 0.094
0.112 0.112
0.164 0.164
0.246 0.246
0.349 0.349
0.465 0.465
0.584 0.584
0.696 0.696
0.791 0.791
0.861 0.861
0.900 0.900
0.903 0.903
0.872 0.872
0.809 0.809
0.719 0.719
0.610 0.610
0.492 0.492
0.374 0.374
0.267 0.267
0.180 0.180
0.121 0.121
0.095 0.095
0.104 0.104
0.147 0.147
0.221 0.221
0.319 0.319
0.432 0.432
0.552 0.552
0.666 0.666
0.767 0.767
0.844 0.844
0.892 0.892
0.905 0.905
0.884 0.884
0.829 0.829
0.746 0.746
0.642 0.642
0.525 0.525
0.406 0.406
0.295 0.295
0.202 0.202
0.135 0.135
0.099 0.099
0.098 0.098
0.132 0.132
0.198 0.198
0.290 0.290
0.400 0.400
0.518 0.518
0.635 0.635
0.741 0.741
0.825 0.825
0.882 0.882
0.905 0.905
0.893 0.893
0.847 0.847
0.771 0.771
0.672 0.672
0.558 0.558
0.439 0.439
0.325 0.325
0.226 0.226
0.151 0.151
0.106 0.106
0.096 0.096
0.120 0.120
0.177 0.177
0.262 0.262
0.368 0.368
0.485 0.485
0.604 0.604
0.713 0.713
0.804 0.804
0.869 0.869
0.902 0.902
0.900 0.900
0.863 0.863
0.795 0.795
0.701 0.701
0.591 0.591
0.472 0.472
0.355 0.355
0.252 0.252
0.169 0.169
0.116 0.116
0.095 0.095
0.110 0.110
0.158 0.158
0.236 0.236
0.337 0.337
0.452 0.452
0.571 0.571
0.684 0.684
0.781 0.781
0.854 0.854
0.896 0.896
0.903 0.903
0.876 0.876
0.817 0.817
0.730 0.730
0.623 0.623
0.505 0.505
0.387 0.387
0.279 0.279
0.190 0.190
0.127 0.127
0.097 0.097
0.102 0.102
0.142 0.142
0.212 0.212
0.307 0.307
0.419 0.419
0.538 0.538
0.654 0.654
0.756 0.756
0.836 0.836
0.887 0.887
0.905 0.905
0.887 0.887
0.836 0.836
0.756 0.756
0.654 0.654
0.538 0.538
0.419 0.419
0.307 0.307
0.212 0.212
0.142 0.142
0.102 0.102
0.097 0.097
0.127 0.127
0.190 0.190
0.279 0.279
0.387 0.387
0.505 0.505
0.623 0.623
0.730 0.730
0.817 0.817
0.876 0.876
0.903 0.903
0.896 0.896
0.854 0.854
0.781 0.781
0.684 0.684
0.571 0.571
0.452 0.452
0.337 0.337
0.236 0.236
0.158 0.158
0.110 0.110
0.095 0.095
0.116 0.116
0.169 0.169
0.252 0.252
0.355 0.355
0.472 0.472
0.591 0.591
0.702 0.702
0.795 0.795
0.863 0.863
0.900 0.900
0.902 0.902
0.869 0.869
0.804 0.804
0.713 0.713
0.604 0.604
0.485 0.485
0.368 0.368
0.262 0.262
0.177 0.177
0.120 0.120
0.096 0.096
0.106 0.106
0.151 0.151
0.226 0.226
0.325 0.325
0.439 0.439
0.558 0.558
0.672 0.672
0.771 0.771
0.847 0.847
0.893 0.893
0.905 0.905
0.882 0.882
0.825 0.825
0.741 0.741
0.635 0.635
0.518 0.518
0.400 0.400
0.290 0.290
0.198 0.198
0.132 0.132
0.098 0.098
0.099 0.099
0.135 0.135
0.202 0.202
0.295 0.295
0.406 0.406
0.525 0.525
0.642 0.642
0.746 0.746
0.829 0.829
0.884 0.884
0.905 0.905
0.892 0.892
0.844 0.844
0.767 0.767
0.666 0.666
0.552 0.552
0.432 0.432
0.319 0.319
0.221 0.221
0.147 0.147
0.104 0.104
0.095 0.095
0.121 0.121
0.180 0.180
0.267 0.267
0.374 0.374
0.492 0.492
0.610 0.610
0.719 0.719
0.809 0.809
0.872 0.872
0.903 0.903
0.900 0.900
0.861 0.861
0.791 0.791
0.696 0.696
0.584 0.584
0.465 0.465
0.349 0.349
0.246 0.246
0.164 0.164
0.112 0.112
0.094 0.094
0.110 0.110
0.160 0.160
0.240 0.240
0.342 0.342
0.458 0.458
0.578 0.578
0.691 0.691
0.787 0.787
0.858 0.858
0.899 0.899
0.905 0.905
0.876 0.876
0.814 0.814
0.725 0.725
0.617 0.617
0.498 0.498
0.380 0.380
0.272 0.272
0.184 0.184
0.123 0.123
0.095 0.095
0.101 0.101
0.143 0.143
0.215 0.215
0.312 0.312
0.425 0.425
0.545 0.545
0.661 0.661
0.763 0.763
0.842 0.842
0.892 0.892
0.907 0.907
0.888 0.888
0.835 0.835
0.753 0.753
0.649 0.649
0.532 0.532
0.412 0.412
0.300 0.300
0.205 0.205
0.136 0.136
0.098 0.098
0.095 0.095
0.127 0.127
0.192 0.192
0.283 0.283
0.392 0.392
0.512 0.512
0.630 0.630
0.737 0.737
0.823 0.823
0.882 0.882
0.907 0.907
0.898 0.898
0.853 0.853
0.779 0.779
0.680 0.680
0.565 0.565
0.445 0.445
0.330 0.330
0.229 0.229
0.152 0.152
0.105 0.105
0.092 0.092
0.114 0.114
0.170 0.170
0.255 0.255
0.360 0.360
0.478 0.478
0.598 0.598
0.709 0.709
0.803 0.803
0.870 0.870
0.905 0.905
0.905 0.905
0.870 0.870
0.803 0.803
0.710 0.710
0.598 0.598
0.478 0.478
0.360 0.360
0.254 0.254
0.170 0.170
0.113 0.113
0.091 0.091
0.103 0.103
0.150 0.150
0.228 0.228
0.329 0.329
0.445 0.445
0.565 0.565
0.680 0.680
0.780 0.780
0.855 0.855
0.899 0.899
0.909 0.909
0.884 0.884
0.825 0.825
0.738 0.738
0.631 0.631
0.512 0.512
0.392 0.392
0.281 0.281
0.190 0.190
0.125 0.125
0.092 0.092
0.095 0.095
0.133 0.133
0.203 0.203
0.298 0.298
0.411 0.411
0.532 0.532
0.650 0.650
0.755 0.755
0.838 0.838
0.891 0.891
0.911 0.911
0.896 0.896
0.846 0.846
0.766 0.766
0.663 0.663
0.546 0.546
0.425 0.425
0.310 0.310
0.212 0.212
0.139 0.139
0.097 0.097
0.090 0.090
0.118 0.118
0.180 0.180
0.269 0.269
0.378 0.378
0.498 0.498
0.618 0.618
0.728 0.728
0.818 0.818
0.881 0.881
0.911 0.911
0.905 0.905
0.864 0.864
0.791 0.791
0.694 0.694
0.579 0.579
0.458 0.458
0.340 0.340
0.236 0.236
0.155 0.155
0.104 0.104
0.087 0.087
0.105 0.105
0.158 0.158
0.241 0.241
0.346 0.346
0.464 0.464
0.586 0.586
0.700 0.700
0.797 0.797
0.868 0.868
0.907 0.907
0.911 0.911
0.880 0.880
0.816 0.816
0.724 0.724
0.613 0.613
0.492 0.492
0.371 0.371
0.262 0.262
0.174 0.174
0.113 0.113
0.086 0.086
0.095 0.095
0.139 0.139
0.214 0.214
0.314 0.314
0.430 0.430
0.552 0.552
0.670 0.670
0.773 0.773
0.852 0.852
0.901 0.901
0.915 0.915
0.894 0.894
0.838 0.838
0.752 0.752
0.645 0.645
0.526 0.526
0.404 0.404
0.290 0.290
0.195 0.195
0.125 0.125
0.089 0.089
0.088 0.088
0.122 0.122
0.189 0.189
0.284 0.284
0.397 0.397
0.519 0.519
0.639 0.639
0.747 0.747
0.834 0.834
0.893 0.893
0.917 0.917
0.905 0.905
0.858 0.858
0.780 0.780
0.678 0.678
0.560 0.560
0.437 0.437
0.320 0.320
0.218 0.218
0.140 0.140
0.094 0.094
0.083 0.083
0.107 0.107
0.166 0.166
0.254 0.254
0.363 0.363
0.484 0.484
0.607 0.607
0.720 0.720
0.814 0.814
0.881 0.881
0.915 0.915
0.913 0.913
0.876 0.876
0.806 0.806
0.709 0.709
0.594 0.594
0.471 0.471
0.350 0.350
0.243 0.243
0.157 0.157
0.102 0.102
0.080 0.080
0.095 0.095
0.145 0.145
0.226 0.226
0.331 0.331
0.450 0.450
0.574 0.574
0.691 0.691
0.792 0.792
0.867 0.867
0.911 0.911
0.920 0.920
0.891 0.891
0.829 0.829
0.739 0.739
0.628 0.628
0.505 0.505
0.383 0.383
0.270 0.270
0.177 0.177
0.112 0.112
0.081 0.081
0.086 0.086
0.126 0.126
0.199 0.199
0.299 0.299
0.415 0.415
0.540 0.540
0.660 0.660
0.767 0.767
0.851 0.851
0.904 0.904
0.923 0.923
0.905 0.905
0.852 0.852
0.768 0.768
0.661 0.661
0.540 0.540
0.416 0.416
0.299 0.299
0.199 0.199
0.125 0.125
0.084 0.084
0.078 0.078
0.110 0.110
0.175 0.175
0.268 0.268
0.381 0.381
0.505 0.505
0.628 0.628
0.741 0.741
0.832 0.832
0.895 0.895
0.924 0.924
0.916 0.916
0.872 0.872
0.795 0.795
0.694 0.694
0.575 0.575
0.450 0.450
0.329 0.329
0.223 0.223
0.141 0.141
0.090 0.090
0.074 0.074
0.095 0.095
0.152 0.152
0.238 0.238
0.347 0.347
0.470 0.470
0.595 0.595
0.712 0.712
0.811 0.811
0.883 0.883
0.922 0.922
0.924 0.924
0.889 0.889
0.821 0.821
0.725 0.725
0.610 0.610
0.484 0.484
0.361 0.361
0.249 0.249
0.159 0.159
0.098 0.098
0.072 0.072
0.083 0.083
0.131 0.131
0.210 0.210
0.314 0.314
0.435 0.435
0.561 0.561
0.682 0.682
0.788 0.788
0.868 0.868
0.917 0.917
0.929 0.929
0.905 0.905
0.845 0.845
0.756 0.756
0.644 0.644
0.520 0.520
0.394 0.394
0.277 0.277
0.179 0.179
0.109 0.109
0.073 0.073
0.074 0.074
0.112 0.112
0.183 0.183
0.282 0.282
0.400 0.400
0.526 0.526
0.651 0.651
0.762 0.762
0.851 0.851
0.909 0.909
0.932 0.932
0.918 0.918
0.867 0.867
0.785 0.785
0.678 0.678
0.555 0.555
0.428 0.428
0.307 0.307
0.202 0.202
0.123 0.123
0.077 0.077
0.067 0.067
0.095 0.095
0.158 0.158
0.251 0.251
0.365 0.365
0.491 0.491
0.618 0.618
0.734 0.734
0.831 0.831
0.899 0.899
0.932 0.932
0.928 0.928
0.887 0.887
0.813 0.813
0.711 0.711
0.591 0.591
0.463 0.463
0.338 0.338
0.227 0.227
0.140 0.140
0.084 0.084
0.064 0.064
0.081 0.081
0.135 0.135
0.221 0.221
0.330 0.330
0.455 0.455
0.583 0.583
0.705 0.705
0.809 0.809
0.886 0.886
0.929 0.929
0.936 0.936
0.905 0.905
0.839 0.839
0.743 0.743
0.626 0.626
0.499 0.499
0.371 0.371
0.254 0.254
0.159 0.159
0.093 0.093
0.062 0.062
0.070 0.070
0.114 0.114
0.192 0.192
0.297 0.297
0.419 0.419
0.548 0.548
0.674 0.674
0.784 0.784
0.870 0.870
0.924 0.924
0.941 0.941
0.920 0.920
0.863 0.863
0.774 0.774
0.661 0.661
0.535 0.535
0.405 0.405
0.284 0.284
0.181 0.181
0.105 0.105
0.064 0.064
0.061 0.061
0.095 0.095
0.165 0.165
0.264 0.264
0.383 0.383
0.512 0.512
0.641 0.641
0.757 0.757
0.851 0.851
0.915 0.915
0.943 0.943
0.933 0.933
0.885 0.885
0.803 0.803
0.696 0.696
0.571 0.571
0.440 0.440
0.314 0.314
0.205 0.205
0.120 0.120
0.069 0.069
0.055 0.055
0.079 0.079
0.140 0.140
0.232 0.232
0.347 0.347
0.476 0.476
0.607 0.607
0.728 0.728
0.830 0.830
0.904 0.904
0.943 0.943
0.943 0.943
0.905 0.905
0.832 0.832
0.730 0.730
0.608 0.608
0.476 0.476
0.347 0.347
0.231 0.231
0.138 0.138
0.076 0.076
0.051 0.051
0.065 0.065
0.116 0.116
0.201 0.201
0.312 0.312
0.439 0.439
0.571 0.571
0.698 0.698
0.807 0.807
0.890 0.890
0.939 0.939
0.950 0.950
0.922 0.922
0.858 0.858
0.762 0.762
0.644 0.644
0.513 0.513
0.381 0.381
0.259 0.259
0.158 0.158
0.087 0.087
0.051 0.051
0.054 0.054
0.095 0.095
0.172 0.172
0.277 0.277
0.402 0.402
0.535 0.535
0.665 0.665
0.781 0.781
0.873 0.873
0.933 0.933
0.955 0.955
0.937 0.937
0.882 0.882
0.794 0.794
0.680 0.680
0.551 0.551
0.417 0.417
0.290 0.290
0.181 0.181
0.100 0.100
0.053 0.053
0.045 0.045
0.076 0.076
0.145 0.145
0.243 0.243
0.365 0.365
0.498 0.498
0.631 0.631
0.753 0.753
0.853 0.853
0.923 0.923
0.956 0.956
0.950 0.950
0.905 0.905
0.824 0.824
0.716 0.716
0.588 0.588
0.453 0.453
0.322 0.322
0.206 0.206
0.116 0.116
0.058 0.058
0.039 0.039
0.060 0.060
0.119 0.119
0.211 0.211
0.328 0.328
0.460 0.460
0.595 0.595
0.723 0.723
0.831 0.831
0.911 0.911
0.955 0.955
0.960 0.960
0.925 0.925
0.853 0.853
0.750 0.750
0.626 0.626
0.491 0.491
0.356 0.356
0.234 0.234
0.135 0.135
0.067 0.067
0.037 0.037
0.046 0.046
0.095 0.095
0.179 0.179
0.291 0.291
0.422 0.422
0.559 0.559
0.691 0.691
0.806 0.806
0.896 0.896
0.951 0.951
0.967 0.967
0.942 0.942
0.880 0.880
0.784 0.784
0.664 0.664
0.529 0.529
0.392 0.392
0.264 0.264
0.156 0.156
0.078 0.078
0.037 0.037
0.035 0.035
0.074 0.074
0.150 0.150
0.256 0.256
0.383 0.383
0.521 0.521
0.657 0.657
0.779 0.779
0.878 0.878
0.943 0.943
0.971 0.971
0.958 0.958
0.905 0.905
0.817 0.817
0.701 0.701
0.568 0.568
0.429 0.429
0.296 0.296
0.180 0.180
0.092 0.092
0.040 0.040
0.027 0.027
0.055 0.055
0.122 0.122
0.221 0.221
0.345 0.345
0.482 0.482
0.621 0.621
0.750 0.750
0.857 0.857
0.933 0.933
0.972 0.972
0.970 0.970
0.927 0.927
0.848 0.848
0.738 0.738
0.607 0.607
0.467 0.467
0.330 0.330
0.207 0.207
0.110 0.110
0.046 0.046
0.022 0.022
0.038 0.038
0.095 0.095
0.187 0.187
0.307 0.307
0.443 0.443
0.584 0.584
0.718 0.718
0.833 0.833
0.920 0.920
0.970 0.970
0.980 0.980
0.948 0.948
0.877 0.877
0.774 0.774
0.646 0.646
0.506 0.506
0.366 0.366
0.236 0.236
0.130 0.130
0.055 0.055
0.019 0.019
0.025 0.025
0.071 0.071
0.155 0.155
0.269 0.269
0.403 0.403
0.545 0.545
0.684 0.684
0.807 0.807
0.903 0.903
0.965 0.965
0.986 0.986
0.966 0.966
0.905 0.905
0.809 0.809
0.686 0.686
0.546 0.546
0.403 0.403
0.268 0.268
0.153 0.153
0.068 0.068
0.020 0.020
0.014 0.014
0.049 0.049
0.124 0.124
0.232 0.232
0.363 0.363
0.505 0.505
0.648 0.648
0.778 0.778
0.884 0.884
0.957 0.957
0.990 0.990
0.981 0.981
0.930 0.930
0.842 0.842
0.724 0.724
0.587 0.587
0.442 0.442
0.302 0.302
0.179 0.179
0.083 0.083
0.024 0.024
0.006 0.006
0.030 0.030
0.095 0.095
0.196 0.196
0.323 0.323
0.465 0.465
0.610 0.610
0.747 0.747
0.861 0.861
0.945 0.945
0.990 0.990
0.993 0.993
0.953 0.953
0.874 0.874
0.763 0.763
0.628 0.628
0.482 0.482
0.338 0.338
0.207 0.207
0.102 0.102
0.031 0.031
0.001 0.001
0.013 0.013
0.068 0.068
0.161 0.161
0.283 0.283
0.424 0.424
0.571 0.571
0.713 0.713
0.836 0.836
0.931 0.931
0.988 0.988
1.003 1.003
0.974 0.974
0.905 0.905
0.800 0.800
0.669 0.669
0.523 0.523
0.376 0.376
0.238 0.238
0.124 0.124
0.041 0.041
-0.001 -0.001
-0.001 -0.001
0.044 0.044
0.127 0.127
0.243 0.243
0.382 0.382
0.531 0.531
0.677 0.677
0.808 0.808
0.913 0.913
0.982 0.982
1.009 1.009
0.992 0.992
0.933 0.933
0.836 0.836
0.710 0.710
0.565 0.565
0.415 0.415
0.272 0.272
0.148 0.148
0.055 0.055
0.000 0.000
-0.011 -0.011
0.021 0.021
0.095 0.095
0.205 0.205
0.340 0.340
0.489 0.489
0.639 0.639
0.777 0.777
0.892 0.892
0.973 0.973
1.012 1.012
1.008 1.008
0.960 0.960
0.871 0.871
0.751 0.751
0.608 0.608
0.456 0.456
0.308 0.308
0.176 0.176
0.072 0.072
0.005 0.005
-0.019 -0.019
0.001 0.001
0.065 0.065
0.167 0.167
0.298 0.298
0.446 0.446
0.599 0.599
0.744 0.744
0.868 0.868
0.960 0.960
1.012 1.012
1.021 1.021
0.984 0.984
0.905 0.905
0.790 0.790
0.651 0.651
0.499 0.499
0.346 0.346
0.206 0.206
0.092 0.092
0.013 0.013
-0.024 -0.024
-0.016 -0.016
0.037 0.037
0.131 0.131
0.256 0.256
0.402 0.402
0.558 0.558
0.708 0.708
0.841 0.841
0.944 0.944
1.009 1.009
1.030 1.030
1.005 1.005
0.936 0.936
0.830 0.830
0.694 0.694
0.542 0.542
0.386 0.386
0.239 0.239
0.115 0.115
0.024 0.024
-0.026 -0.026
-0.030 -0.030
0.012 0.012
0.095 0.095
0.214 0.214
0.358 0.358
0.515 0.515
0.670 0.670
0.811 0.811
0.925 0.925
1.002 1.002
1.036 1.036
1.024 1.024
0.966 0.966
0.868 0.868
0.738 0.738
0.587 0.587
0.428 0.428
0.275 0.275
0.142 0.142
0.039 0.039
-0.023 -0.023
-0.041 -0.041
-0.012 -0.012
0.062 0.062
0.174 0.174
0.314 0.314
0.470 0.470
0.630 0.630
0.778 0.778
0.902 0.902
0.992 0.992
1.039 1.039
1.040 1.040
0.994 0.994
0.905 0.905
0.780 0.780
0.632 0.632
0.472 0.472
0.314 0.314
0.171 0.171
0.058 0.058
-0.018 -0.018
-0.049 -0.049
-0.032 -0.032
0.031 0.031
0.134 0.134
0.269 0.269
0.425 0.425
0.587 0.587
0.742 0.742
0.876 0.876
0.978 0.978
1.039 1.039
1.053 1.053
1.019 1.019
0.940 0.940
0.823 0.823
0.677 0.677
0.517 0.517
0.354 0.354
0.204 0.204
0.079 0.079
-0.009 -0.009
-0.053 -0.053
-0.050 -0.050
0.001 0.001
0.095 0.095
0.225 0.225
0.379 0.379
0.543 0.543
0.704 0.704
0.847 0.847
0.961 0.961
1.034 1.034
1.062 1.062
1.041 1.041
0.973 0.973
0.864 0.864
0.723 0.723
0.563 0.563
0.397 0.397
0.240 0.240
0.105 0.105
0.004 0.004
-0.054 -0.054
-0.065 -0.065
-0.026 -0.026
0.058 0.058
0.181 0.181
0.332 0.332
0.497 0.497
0.663 0.663
0.815 0.815
0.940 0.940
1.027 1.027
1.068 1.068
1.061 1.061
1.005 1.005
0.905 0.905
0.769 0.769
0.611 0.611
0.442 0.442
0.278 0.278
0.133 0.133
0.020 0.020
-0.052 -0.052
-0.076 -0.076
-0.050 -0.050
0.023 0.023
0.138 0.138
0.284 0.284
0.449 0.449
0.619 0.619
0.779 0.779
0.915 0.915
1.015 1.015
1.071 1.071
1.077 1.077
1.034 1.034
0.944 0.944
0.815 0.815
0.659 0.659
0.489 0.489
0.319 0.319
0.165 0.165
0.040 0.040
-0.045 -0.045
-0.084 -0.084
-0.072 -0.072
-0.010 -0.010
0.096 0.096
0.237 0.237
0.401 0.401
0.574 0.574
0.741 0.741
0.887 0.887
1.000 1.000
1.070 1.070
1.091 1.091
1.060 1.060
0.981 0.981
0.860 0.860
0.708 0.708
0.537 0.537
0.363 0.363
0.201 0.201
0.064 0.064
-0.035 -0.035
-0.088 -0.088
-0.091 -0.091
-0.042 -0.042
0.054 0.054
0.189 0.189
0.351 0.351
0.526 0.526
0.699 0.699
0.855 0.855
0.981 0.981
1.065 1.065
1.100 1.100
1.084 1.084
1.017 1.017
0.904 0.904
0.757 0.757
0.587 0.587
0.410 0.410
0.239 0.239
0.091 0.091
-0.021 -0.021
-0.089 -0.089
-0.106 -0.106
-0.070 -0.070
0.015 0.015
0.142 0.142
0.301 0.301
0.477 0.477
0.655 0.655
0.820 0.820
0.958 0.958
1.056 1.056
1.107 1.107
1.105 1.105
1.050 1.050
0.948 0.948
0.806 0.806
0.638 0.638
0.458 0.458
0.281 0.281
0.123 0.123
-0.003 -0.003
-0.086 -0.086
-0.118 -0.118
-0.096 -0.096
-0.023 -0.023
0.096 0.096
0.249 0.249
0.425 0.425
0.608 0.608
0.782 0.782
0.931 0.931
1.044 1.044
1.109 1.109
1.122 1.122
1.081 1.081
0.990 0.990
0.856 0.856
0.691 0.691
0.509 0.509
0.326 0.326
0.157 0.157
0.019 0.019
-0.079 -0.079
-0.126 -0.126
-0.119 -0.119
-0.059 -0.059
0.050 0.050
0.198 0.198
0.373 0.373
0.559 0.559
0.740 0.740
0.901 0.901
1.027 1.027
1.108 1.108
1.136 1.136
1.110 1.110
1.030 1.030
0.904 0.904
0.743 0.743
0.561 0.561
0.373 0.373
0.196 0.196
0.045 0.045
-0.068 -0.068
-0.131 -0.131
-0.139 -0.139
-0.093 -0.093
0.006 0.006
0.147 0.147
0.319 0.319
0.507 0.507
0.695 0.695
0.866 0.866
1.006 1.006
1.102 1.102
1.147 1.147
1.135 1.135
1.068 1.068
0.952 0.952
0.797 0.797
0.615 0.615
0.424 0.424
0.238 0.238
0.075 0.075
-0.052 -0.052
-0.131 -0.131
-0.156 -0.156
-0.124 -0.124
-0.037 -0.037
0.096 0.096
0.264 0.264
0.453 0.453
0.647 0.647
0.828 0.828
0.981 0.981
1.093 1.093
1.153 1.153
1.158 1.158
1.105 1.105
0.999 0.999
0.851 0.851
0.671 0.671
0.476 0.476
0.283 0.283
0.109 0.109
-0.032 -0.032
-0.128 -0.128
-0.169 -0.169
-0.152 -0.152
-0.079 -0.079
0.045 0.045
0.208 0.208
0.397 0.397
0.595 0.595
0.786 0.786
0.952 0.952
1.079 1.079
1.156 1.156
1.177 1.177
1.139 1.139
1.045 1.045
0.904 0.904
0.728 0.728
0.532 0.532
0.332 0.332
0.147 0.147
-0.008 -0.008
-0.120 -0.120
-0.178 -0.178
-0.177 -0.177
-0.118 -0.118
-0.005 -0.005
0.152 0.152
0.340 0.340
0.541 0.541
0.740 0.740
0.918 0.918
1.060 1.060
1.154 1.154
1.192 1.192
1.170 1.170
1.089 1.089
0.958 0.958
0.786 0.786
0.589 0.589
0.384 0.384
0.189 0.189
0.020 0.020
-0.107 -0.107
-0.183 -0.183
-0.199 -0.199
-0.155 -0.155
-0.054 -0.054
0.096 0.096
0.280 0.280
0.484 0.484
0.690 0.690
0.880 0.880
1.037 1.037
1.148 1.148
1.204 1.204
1.198 1.198
1.132 1.132
1.011 1.011
0.845 0.845
0.649 0.649
0.440 0.440
0.235 0.235
0.053 0.053
-0.090 -0.090
-0.183 -0.183
-0.217 -0.217
-0.189 -0.189
-0.101 -0.101
0.039 0.039
0.220 0.220
0.425 0.425
0.637 0.637
0.838 0.838
1.010 1.010
1.138 1.138
1.211 1.211
1.223 1.223
1.172 1.172
1.062 1.062
0.904 0.904
0.710 0.710
0.498 0.498
0.285 0.285
0.091 0.091
-0.069 -0.069
-0.179 -0.179
-0.231 -0.231
-0.220 -0.220
-0.147 -0.147
-0.017 -0.017
0.158 0.158
0.363 0.363
0.581 0.581
0.791 0.791
0.977 0.977
1.123 1.123
1.214 1.214
1.244 1.244
1.209 1.209
1.113 1.113
0.964 0.964
0.774 0.774
0.559 0.559
0.340 0.340
0.133 0.133
-0.042 -0.042
-0.171 -0.171
-0.242 -0.242
-0.248 -0.248
-0.190 -0.190
-0.072 -0.072
0.096 0.096
0.299 0.299
0.521 0.521
0.741 0.741
0.940 0.940
1.102 1.102
1.213 1.213
1.261 1.261
1.244 1.244
1.163 1.163
1.023 1.023
0.838 0.838
0.623 0.623
0.397 0.397
0.180 0.180
-0.011 -0.011
-0.157 -0.157
-0.247 -0.247
-0.273 -0.273
-0.232 -0.232
-0.127 -0.127
0.033 0.033
0.233 0.233
0.457 0.457
0.686 0.686
0.898 0.898
1.077 1.077
1.206 1.206
1.275 1.275
1.276 1.276
1.210 1.210
1.082 1.082
0.904 0.904
0.690 0.690
0.459 0.459
0.231 0.231
0.026 0.026
-0.139 -0.139
-0.249 -0.249
-0.294 -0.294
-0.270 -0.270
-0.180 -0.180
-0.030 -0.030
0.165 0.165
0.391 0.391
0.626 0.626
0.851 0.851
1.047 1.047
1.195 1.195
1.284 1.284
1.304 1.304
1.255 1.255
1.141 1.141
0.971 0.971
0.759 0.759
0.525 0.525
0.287 0.287
0.068 0.068
-0.115 -0.115
-0.245 -0.245
-0.311 -0.311
-0.306 -0.306
-0.232 -0.232
-0.094 -0.094
0.096 0.096
0.321 0.321
0.563 0.563
0.799 0.799
1.011 1.011
1.178 1.178
1.288 1.288
1.329 1.329
1.299 1.299
1.199 1.199
1.038 1.038
0.830 0.830
0.594 0.594
0.348 0.348
0.115 0.115
-0.086 -0.086
-0.236 -0.236
-0.323 -0.323
-0.339 -0.339
-0.282 -0.282
-0.157 -0.157
0.025 0.025
0.249 0.249
0.495 0.495
0.742 0.742
0.969 0.969
1.156 1.156
1.287 1.287
1.350 1.350
1.339 1.339
1.255 1.255
1.106 1.106
0.904 0.904
0.666 0.666
0.413 0.413
0.167 0.167
-0.051 -0.051
-0.222 -0.222
-0.330 -0.330
-0.367 -0.367
-0.329 -0.329
-0.219 -0.219
-0.047 -0.047
0.174 0.174
0.423 0.423
0.680 0.680
0.922 0.922
1.129 1.129
1.281 1.281
1.366 1.366
1.376 1.376
1.310 1.310
1.174 1.174
0.979 0.979
0.742 0.742
0.483 0.483
0.225 0.225
-0.010 -0.010
-0.202 -0.202
-0.333 -0.333
-0.392 -0.392
-0.375 -0.375
-0.281 -0.281
-0.119 -0.119
0.096 0.096
0.348 0.348
0.613 0.613
0.870 0.870
1.095 1.095
1.269 1.269
1.377 1.377
1.410 1.410
1.363 1.363
1.242 1.242
1.056 1.056
0.821 0.821
0.558 0.558
0.289 0.289
0.037 0.037
-0.175 -0.175
-0.330 -0.330
-0.413 -0.413
-0.417 -0.417
-0.342 -0.342
-0.193 -0.193
0.016 0.016
0.268 0.268
0.541 0.541
0.811 0.811
1.055 1.055
1.251 1.251
1.383 1.383
1.439 1.439
1.414 1.414
1.309 1.309
1.134 1.134
0.904 0.904
0.637 0.637
0.358 0.358
0.090 0.090
-0.143 -0.143
-0.321 -0.321
-0.429 -0.429
-0.456 -0.456
-0.401 -0.401
-0.267 -0.267
-0.066 -0.066
0.184 0.184
0.463 0.463
0.746 0.746
1.008 1.008
1.227 1.227
1.384 1.384
1.465 1.465
1.462 1.462
1.376 1.376
1.214 1.214
0.989 0.989
0.721 0.721
0.433 0.433
0.150 0.150
-0.104 -0.104
-0.307 -0.307
-0.440 -0.440
-0.492 -0.492
-0.458 -0.458
-0.341 -0.341
-0.151 -0.151
0.097 0.097
0.380 0.380
0.674 0.674
0.955 0.955
1.197 1.197
1.379 1.379
1.486 1.486
1.508 1.508
1.442 1.442
1.295 1.295
1.078 1.078
0.810 0.810
0.514 0.514
0.216 0.216
-0.058 -0.058
-0.285 -0.285
-0.445 -0.445
-0.523 -0.523
-0.513 -0.513
-0.415 -0.415
-0.237 -0.237
0.005 0.005
0.291 0.291
0.597 0.597
0.895 0.895
1.159 1.159
1.368 1.368
1.502 1.502
1.550 1.550
1.507 1.507
1.376 1.376
1.169 1.169
0.903 0.903
0.601 0.601
0.290 0.290
-0.005 -0.005
-0.257 -0.257
-0.444 -0.444
-0.550 -0.550
-0.566 -0.566
-0.489 -0.489
-0.326 -0.326
-0.090 -0.090
0.197 0.197
0.512 0.512
0.827 0.827
1.115 1.115
1.350 1.350
1.513 1.513
1.588 1.588
1.570 1.570
1.458 1.458
1.263 1.263
1.001 1.001
0.695 0.695
0.370 0.370
0.056 0.056
-0.222 -0.222
-0.437 -0.437
-0.573 -0.573
-0.616 -0.616
-0.562 -0.562
-0.416 -0.416
-0.190 -0.190
0.097 0.097
0.420 0.420
0.751 0.751
1.062 1.062
1.325 1.325
1.518 1.518
1.623 1.623
1.631 1.631
1.541 1.541
1.361 1.361
1.105 1.105
0.795 0.795
0.459 0.459
0.125 0.125
-0.178 -0.178
-0.423 -0.423
-0.590 -0.590
-0.662 -0.662
-0.634 -0.634
-0.508 -0.508
-0.293 -0.293
-0.009 -0.009
0.321 0.321
0.667 0.667
1.001 1.001
1.292 1.292
1.516 1.516
1.653 1.653
1.690 1.690
1.624 1.624
1.461 1.461
1.213 1.213
0.903 0.903
0.556 0.556
0.203 0.203
-0.126 -0.126
-0.402 -0.402
-0.601 -0.601
-0.705 -0.705
-0.705 -0.705
-0.601 -0.601
-0.401 -0.401
-0.121 -0.121
0.213 0.213
0.574 0.574
0.930 0.930
1.251 1.251
1.507 1.507
1.677 1.677
1.746 1.746
1.707 1.707
1.564 1.564
1.327 1.327
1.017 1.017
0.661 0.661
0.290 0.290
-0.065 -0.065
-0.373 -0.373
-0.606 -0.606
-0.744 -0.744
-0.775 -0.775
-0.696 -0.696
-0.512 -0.512
-0.240 -0.240
0.098 0.098
0.472 0.472
0.850 0.850
1.200 1.200
1.491 1.491
1.697 1.697
1.800 1.800
1.791 1.791
1.670 1.670
1.446 1.446
1.140 1.140
0.776 0.776
0.387 0.387
0.006 0.006
-0.334 -0.334
-0.604 -0.604
-0.779 -0.779
-0.844 -0.844
-0.792 -0.792
-0.628 -0.628
-0.366 -0.366
-0.027 -0.027
0.359 0.359
0.760 0.760
1.140 1.140
1.466 1.466
1.710 1.710
1.850 1.850
1.874 1.874
1.779 1.779
1.572 1.572
1.271 1.271
0.902 0.902
0.496 0.496
0.088 0.088
-0.286 -0.286
-0.594 -0.594
-0.808 -0.808
-0.910 -0.910
-0.890 -0.890
-0.750 -0.750
-0.500 -0.500
-0.162 -0.162
0.235 0.235
0.657 0.657
1.068 1.068
1.432 1.432
1.716 1.716
1.897 1.897
1.957 1.957
1.891 1.891
1.704 1.704
1.412 1.412
1.038 1.038
0.616 0.616
0.182 0.182
-0.227 -0.227
-0.575 -0.575
-0.832 -0.832
-0.975 -0.975
-0.990 -0.990
-0.876 -0.876
-0.642 -0.642
-0.308 -0.308
0.099 0.099
0.542 0.542
0.985 0.985
1.387 1.387
1.715 1.715
1.939 1.939
2.040 2.040
2.007 2.007
1.844 1.844
1.563 1.563
1.188 1.188
0.751 0.751
0.290 0.290
-0.156 -0.156
-0.547 -0.547
-0.850 -0.850
-1.037 -1.037
-1.092 -1.092
-1.008 -1.008
-0.794 -0.794
-0.466 -0.466
-0.052 -0.052
0.413 0.413
0.887 0.887
1.331 1.331
1.706 1.706
1.977 1.977
2.123 2.123
2.128 2.128
1.992 1.992
1.726 1.726
1.351 1.351
0.900 0.900
0.412 0.412
-0.071 -0.071
-0.508 -0.508
-0.861 -0.861
-1.097 -1.097
-1.196 -1.196
-1.148 -1.148
-0.957 -0.957
-0.638 -0.638
-0.218 -0.218
0.266 0.266
0.774 0.774
1.262 1.262
1.686 1.686
2.011 2.011
2.206 2.206
2.254 2.254
2.150 2.150
1.902 1.902
1.531 1.531
1.068 1.068
0.552 0.552
0.029 0.029
-0.457 -0.457
-0.864 -0.864
-1.154 -1.154
-1.303 -1.303
-1.296 -1.296
-1.133 -1.133
-0.827 -0.827
-0.404 -0.404
0.101 0.101
0.643 0.643
1.177 1.177
1.656 1.656
2.038 2.038
2.289 2.289
2.386 2.386
2.320 2.320
2.095 2.095
1.731 1.731
1.256 1.256
0.713 0.713
0.147 0.147
-0.392 -0.392
-0.857 -0.857
-1.208 -1.208
-1.413 -1.413
-1.454 -1.454
-1.324 -1.324
-1.036 -1.036
-0.612 -0.612
-0.088 -0.088
0.491 0.491
1.075 1.075
1.614 1.614
2.059 2.059
2.373 2.373
2.526 2.526
2.504 2.504
2.308 2.308
1.953 1.953
1.470 1.470
0.898 0.898
0.287 0.287
-0.310 -0.310
-0.841 -0.841
-1.260 -1.260
-1.529 -1.529
-1.624 -1.624
-1.535 -1.535
-1.269 -1.269
-0.846 -0.846
-0.303 -0.303
0.314 0.314
0.952 0.952
1.556 1.556
2.073 2.073
2.458 2.458
2.676 2.676
2.706 2.706
2.545 2.545
2.205 2.205
1.713 1.713
1.112 1.112
0.453 0.453
-0.208 -0.208
-0.812 -0.812
-1.308 -1.308
-1.651 -1.651
-1.810 -1.810
-1.770 -1.770
-1.531 -1.531
-1.114 -1.114
-0.553 -0.553
0.104 0.104
0.802 0.802
1.480 1.480
2.079 2.079
2.546 2.546
2.839 2.839
2.931 2.931
2.813 2.813
2.492 2.492
1.996 1.996
1.364 1.364
0.652 0.652
-0.080 -0.080
-0.769 -0.769
-1.354 -1.354
-1.783 -1.783
-2.018 -2.018
-2.035 -2.035
-1.833 -1.833
-1.425 -1.425
-0.846 -0.846
-0.145 -0.145
0.620 0.620
1.382 1.382
2.075 2.075
2.637 2.637
3.019 3.019
3.186 3.186
3.121 3.121
2.827 2.827
2.328 2.328
1.664 1.664
0.892 0.892
0.078 0.078
-0.707 -0.707
-1.396 -1.396
-1.928 -1.928
-2.253 -2.253
-2.342 -2.342
-2.185 -2.185
-1.793 -1.793
-1.196 -1.196
-0.446 -0.446
0.395 0.395
1.255 1.255
2.058 2.058
2.735 2.735
3.225 3.225
3.483 3.483
3.484 3.484
3.225 3.225
2.726 2.726
2.028 2.028
1.188 1.188
0.279 0.279
-0.622 -0.622
-1.436 -1.436
-2.091 -2.091
-2.528 -2.528
-2.706 -2.706
-2.608 -2.608
-2.237 -2.237
-1.624 -1.624
-0.818 -0.818
0.113 0.113
1.090 1.090
2.027 2.027
2.843 2.843
3.465 3.465
3.837 3.837
3.923 3.923
3.712 3.712
3.218 3.218
2.480 2.480
1.561 1.561
0.536 0.536
-0.505 -0.505
-1.473 -1.473
-2.283 -2.283
-2.860 -2.860
-3.153 -3.153
-3.131 -3.131
-2.792 -2.792
-2.162 -2.162
-1.290 -1.290
-0.250 -0.250
0.871 0.871
1.976 1.976
2.968 2.968
3.759 3.759
4.278 4.278
4.475 4.475
4.329 4.329
3.846 3.846
3.063 3.063
2.045 2.045
0.876 0.876
-0.344 -0.344
-1.509 -1.509
-2.518 -2.518
-3.280 -3.280
-3.724 -3.724
-3.807 -3.807
-3.514 -3.514
-2.867 -2.867
-1.914 -1.914
-0.735 -0.735
0.572 0.572
1.896 1.896
3.121 3.121
4.138 4.138
4.855 4.855
5.204 5.204
5.149 5.149
4.686 4.686
3.849 3.849
2.704 2.704
1.345 1.345
-0.114 -0.114
-1.547 -1.547
-2.828 -2.828
-3.843 -3.843
-4.498 -4.498
-4.729 -4.729
-4.507 -4.507
-3.843 -3.843
-2.785 -2.785
-1.418 -1.418
0.146 0.146
1.773 1.773
3.324 3.324
4.661 4.661
5.662 5.662
6.233 6.233
6.315 6.315
5.889 5.889
4.981 4.981
3.660 3.660
2.031 2.031
0.230 0.230
-1.591 -1.591
-3.272 -3.272
-4.663 -4.663
-5.636 -5.636
-6.095 -6.095
-5.987 -5.987
-5.306 -5.306
-4.099 -4.099
-2.456 -2.456
-0.510 -0.510
1.578 1.578
3.628 3.628
5.461 5.461
6.908 6.908
7.834 7.834
8.142 8.142
7.787 7.787
6.780 6.780
5.190 5.190
3.139 3.139
0.790 0.790
-1.658 -1.658
-3.996 -3.996
-6.013 -6.013
-7.525 -7.525
-8.379 -8.379
-8.480 -8.480
-7.793 -7.793
-6.348 -6.348
-4.246 -4.246
-1.647 -1.647
1.240 1.240
4.173 4.173
6.896 6.896
9.163 9.163
10.755 10.755
11.505 11.505
11.311 11.311
10.150 10.150
8.081 8.081
5.245 5.245
1.854 1.854
-1.819 -1.819
-5.465 -5.465
-8.763 -8.763
-11.406 -11.406
-13.126 -13.126
-13.723 -13.723
-13.082 -13.082
-11.189 -11.189
-8.137 -8.137
-4.125 -4.125
0.554 0.554
5.533 5.533
10.393 10.393
14.698 14.698
18.031 18.031
20.027 20.027
20.407 20.407
19.009 19.009
15.807 15.807
10.926 10.926
4.640 4.640
-2.634 -2.634
-10.357 -10.357
-17.903 -17.903
-24.592 -24.592
-29.739 -29.739
-32.702 -32.702
-32.926 -32.926
-29.991 -29.991
-23.649 -23.649
-13.849 -13.849
-0.756 -0.756
15.241 15.241
33.541 33.541
53.336 53.336
73.624 73.624
93.186 93.186
110.453 110.453
122.944 122.944
124.495 124.495
79.676 79.676
581.211 581.211
0.000 0.000
0.000 0.000
0.000 0.000
0.000 0.000
0.000 0.000
0.000 0.000
0.000 0.000
0.000 0.000
0.000 0.000
0.000 0.000
0.000 0.000
0.000 0.000
0.000 0.000
0.000 0.000
0.000 0.000
0.000 0.000
0.000 0.000
0.000 0.000
0.000 0.000
0.000 0.000
0.000 0.000
0.000 0.000
0.000 0.000
0.000 0.000
0.000 0.000
0.000 0.000
0.000 0.000
0.000 0.000
0.000 0.000
0.000 0.000
0.000 0.000
0.000 0.000
0.000 0.000
0.000 0.000
0.000 0.000
0.000 0.000
0.000 0.000
0.000 0.000
0.000 0.000
0.000 0.000
0.000 0.000
0.000 0.000
0.000 0.000
0.000 0.000
0.000 0.000
0.000 0.000
0.000 0.000
0.000 0.000
0.000 0.000
0.000 0.000
0.000 0.000
0.000 0.000
0.000 0.000
0.000 0.000
0.000 0.000
0.000 0.000
0.000 0.000
0.000 0.000
0.000 0.000
0.000 0.000
0.000 0.000
0.000 0.000
0.000 0.000
0.000 0.000
0.000 0.000
0.000 0.000
0.000 0.000
0.000 0.000
0.000 0.000
0.000 0.000
0.000 0.000
0.000 0.000
0.000 0.000
0.000 0.000
0.000 0.000
0.000 0.000
0.000 0.000
0.000 0.000
0.000 0.000
0.000 0.000
0.000 0.000
0.000 0.000
0.000 0.000
0.000 0.000
0.000 0.000
0.000 0.000
0.000 0.000
0.000 0.000
0.000 0.000
0.000 0.000
0.000 0.000
0.000 0.000
0.000 0.000
0.000 0.000
0.000 0.000
0.000 0.000
0.000 0.000
0.000 0.000
0.000 0.000
0.000 0.000
0.000 0.000
0.000 0.000
0.000 0.000
0.000 0.000
0.000 0.000
0.000 0.000
0.000 0.000
0.000 0.000
0.000 0.000
0.000 0.000
0.000 0.000
0.000 0.000
0.000 0.000
0.000 0.000
0.000 0.000
0.000 0.000
0.000 0.000
0.000 0.000
0.000 0.000
0.000 0.000
0.000 0.000
0.000 0.000
0.000 0.000
0.000 0.000
0.000 0.000
0.000 0.000
0.000 0.000
0.000 0.000
0.000 0.000
0.000 0.000
0.000 0.000
0.000 0.000
0.000 0.000
0.000 0.000
0.000 0.000
0.000 0.000
0.000 0.000
0.000 0.000
0.000 0.000
0.000 0.000
0.000 0.000
0.000 0.000
0.000 0.000
0.000 0.000
0.000 0.000
0.000 0.000
0.000 0.000
0.000 0.000
0.000 0.000
0.000 0.000
0.000 0.000
0.000 0.000
0.000 0.000
0.000 0.000
0.000 0.000
0.000 0.000
0.000 0.000
0.000 0.000
0.000 0.000
0.000 0.000
0.000 0.000
0.000 0.000
0.000 0.000
0.000 0.000
0.000 0.000
0.000 0.000
0.000 0.000
0.000 0.000
0.000 0.000
0.000 0.000
0.000 0.000
0.000 0.000
0.000 0.000
0.000 0.000
0.000 0.000
0.000 0.000
0.000 0.000
0.000 0.000
0.000 0.000
0.000 0.000
0.000 0.000
0.000 0.000
0.000 0.000
0.000 0.000
0.000 0.000
0.000 0.000
0.000 0.000
0.000 0.000
0.000 0.000
0.000 0.000
0.000 0.000
0.000 0.000
0.000 0.000
0.000 0.000
0.000 0.000
0.000 0.000
0.000 0.000
0.000 0.000
0.000 0.000
0.000 0.000
0.000 0.000
0.000 0.000
0.000 0.000
0.000 0.000
0.000 0.000
0.000 0.000
0.000 0.000
0.000 0.000
0.000 0.000
0.000 0.000
0.000 0.000
0.000 0.000
0.000 0.000
0.000 0.000
0.000 0.000
0.000 0.000
0.000 0.000
0.000 0.000
0.000 0.000
0.000 0.000
0.000 0.000
0.000 0.000
0.000 0.000
0.000 0.000
0.000 0.000
0.000 0.000
0.000 0.000
0.000 0.000
0.000 0.000
0.000 0.000
0.000 0.000
0.000 0.000
0.000 0.000
0.000 0.000
0.000 0.000
0.000 0.000
0.000 0.000
0.000 0.000
0.000 0.000
0.000 0.000
0.000 0.000
0.000 0.000
0.000 0.000
0.000 0.000
0.000 0.000
0.000 0.000
0.000 0.000
0.000 0.000
0.000 0.000
0.000 0.000
0.000 0.000
0.000 0.000
0.000 0.000
0.000 0.000
0.000 0.000
0.000 0.000
0.000 0.000
0.000 0.000
0.000 0.000
0.000 0.000
0.000 0.000
0.000 0.000
0.000 0.000
0.000 0.000
0.000 0.000
0.000 0.000
0.000 0.000
0.000 0.000
0.000 0.000
0.000 0.000
0.000 0.000
0.000 0.000
0.000 0.000
0.000 0.000
0.000 0.000
0.000 0.000
0.000 0.000
0.000 0.000
0.000 0.000
0.000 0.000
0.000 0.000
0.000 0.000
0.000 0.000
0.000 0.000
0.000 0.000
0.000 0.000
0.000 0.000
0.000 0.000
0.000 0.000
0.000 0.000
0.000 0.000
0.000 0.000
0.000 0.000
0.000 0.000
0.000 0.000
0.000 0.000
0.000 0.000
0.000 0.000
0.000 0.000
0.000 0.000
0.000 0.000
0.000 0.000
0.000 0.000
0.000 0.000
0.000 0.000
0.000 0.000
0.000 0.000
0.000 0.000
0.000 0.000
0.000 0.000
0.000 0.000
0.000 0.000
0.000 0.000
0.000 0.000
0.000 0.000
0.000 0.000
0.000 0.000
0.000 0.000
0.000 0.000
0.000 0.000
0.000 0.000
0.000 0.000
0.000 0.000
0.000 0.000
0.000 0.000
0.000 0.000
0.000 0.000
0.000 0.000
0.000 0.000
0.000 0.000
0.000 0.000
0.000 0.000
0.000 0.000
0.000 0.000
0.000 0.000
0.000 0.000
0.000 0.000
0.000 0.000
0.000 0.000
0.000 0.000
0.000 0.000
0.000 0.000
0.000 0.000
0.000 0.000
0.000 0.000
0.000 0.000
0.000 0.000
0.000 0.000
0.000 0.000
0.000 0.000
0.000 0.000
0.000 0.000
0.000 0.000
0.000 0.000
0.000 0.000
0.000 0.000
0.000 0.000
0.000 0.000
0.000 0.000
0.000 0.000
0.000 0.000
0.000 0.000
0.000 0.000
0.000 0.000
0.000 0.000
0.000 0.000
0.000 0.000
0.000 0.000
0.000 0.000
0.000 0.000
0.000 0.000
0.000 0.000
0.000 0.000
0.000 0.000
0.000 0.000
0.000 0.000
0.000 0.000
0.000 0.000
0.000 0.000
0.000 0.000
0.000 0.000
0.000 0.000
0.000 0.000
0.000 0.000
0.000 0.000
0.000 0.000
0.000 0.000
0.000 0.000
0.000 0.000
0.000 0.000
0.000 0.000
0.000 0.000
0.000 0.000
0.000 0.000
0.000 0.000
0.000 0.000
0.000 0.000
0.000 0.000
0.000 0.000
0.000 0.000
0.000 0.000
0.000 0.000
0.000 0.000
0.000 0.000
0.000 0.000
0.000 0.000
0.000 0.000
0.000 0.000
0.000 0.000
0.000 0.000
0.000 0.000
0.000 0.000
0.000 0.000
0.000 0.000
0.000 0.000
0.000 0.000
0.000 0.000
0.000 0.000
0.000 0.000
0.000 0.000
0.000 0.000
0.000 0.000
0.000 0.000
0.000 0.000
0.000 0.000
0.000 0.000
0.000 0.000
0.000 0.000
0.000 0.000
0.000 0.000
0.000 0.000
0.000 0.000
0.000 0.000
0.000 0.000
0.000 0.000
0.000 0.000
0.000 0.000
0.000 0.000
0.000 0.000
0.000 0.000
0.000 0.000
0.000 0.000
0.000 0.000
0.000 0.000
0.000 0.000
0.000 0.000
0.000 0.000
0.000 0.000
0.000 0.000
0.000 0.000
0.000 0.000
0.000 0.000
0.000 0.000
0.000 0.000
0.000 0.000
0.000 0.000
0.000 0.000
0.000 0.000
0.000 0.000
0.000 0.000
0.000 0.000
0.000 0.000
0.000 0.000
0.000 0.000
0.000 0.000
0.000 0.000
0.000 0.000
0.000 0.000
0.000 0.000
0.000 0.000
0.000 0.000
0.000 0.000
0.000 0.000
0.000 0.000
0.000 0.000
0.000 0.000
0.000 0.000
0.000 0.000
0.000 0.000
0.000 0.000
0.000 0.000
0.000 0.000
0.000 0.000
0.000 0.000
0.000 0.000
0.000 0.000
0.000 0.000
0.000 0.000
0.000 0.000
0.000 0.000
0.000 0.000
0.000 0.000
0.000 0.000
0.000 0.000
0.000 0.000
0.000 0.000
0.000 0.000
0.000 0.000
0.000 0.000
0.000 0.000
0.000 0.000
0.000 0.000
0.000 0.000
0.000 0.000
0.000 0.000
0.000 0.000
0.000 0.000
0.000 0.000
0.000 0.000
0.000 0.000
0.000 0.000
0.000 0.000
0.000 0.000
0.000 0.000
0.000 0.000
0.000 0.000
0.000 0.000
0.000 0.000
0.000 0.000
0.000 0.000
0.000 0.000
0.000 0.000
0.000 0.000
0.000 0.000
0.000 0.000
0.000 0.000
0.000 0.000
0.000 0.000
0.000 0.000
0.000 0.000
0.000 0.000
0.000 0.000
0.000 0.000
0.000 0.000
0.000 0.000
0.000 0.000
0.000 0.000
0.000 0.000
0.000 0.000
0.000 0.000
0.000 0.000
0.000 0.000
0.000 0.000
0.000 0.000
0.000 0.000
0.000 0.000
0.000 0.000
0.000 0.000
0.000 0.000
0.000 0.000
0.000 0.000
0.000 0.000
0.000 0.000
0.000 0.000
0.000 0.000
0.000 0.000
0.000 0.000
0.000 0.000
0.000 0.000
0.000 0.000
0.000 0.000
0.000 0.000
0.000 0.000
0.000 0.000
0.000 0.000
0.000 0.000
0.000 0.000
0.000 0.000
0.000 0.000
0.000 0.000
0.000 0.000
0.000 0.000
0.000 0.000
0.000 0.000
0.000 0.000
0.000 0.000
0.000 0.000
0.000 0.000
0.000 0.000
0.000 0.000
0.000 0.000
0.000 0.000
0.000 0.000
0.000 0.000
0.000 0.000
0.000 0.000
0.000 0.000
0.000 0.000
0.000 0.000
0.000 0.000
0.000 0.000
0.000 0.000
0.000 0.000
0.000 0.000
0.000 0.000
0.000 0.000
0.000 0.000
0.000 0.000
0.000 0.000
0.000 0.000
0.000 0.000
0.000 0.000
0.000 0.000
0.000 0.000
0.000 0.000
0.000 0.000
0.000 0.000
0.000 0.000
0.000 0.000
0.000 0.000
0.000 0.000
0.000 0.000
0.000 0.000
0.000 0.000
0.000 0.000
0.000 0.000
0.000 0.000
0.000 0.000
0.000 0.000
0.000 0.000
0.000 0.000
0.000 0.000
0.000 0.000
0.000 0.000
0.000 0.000
0.000 0.000
0.000 0.000
0.000 0.000
0.000 0.000
0.000 0.000
0.000 0.000
0.000 0.000
0.000 0.000
0.000 0.000
0.000 0.000
0.000 0.000
0.000 0.000
0.000 0.000
0.000 0.000
0.000 0.000
0.000 0.000
0.000 0.000
0.000 0.000
0.000 0.000
0.000 0.000
0.000 0.000
0.000 0.000
0.000 0.000
0.000 0.000
0.000 0.000
0.000 0.000
0.000 0.000
0.000 0.000
0.000 0.000
0.000 0.000
0.000 0.000
0.000 0.000
0.000 0.000
0.000 0.000
0.000 0.000
0.000 0.000
0.000 0.000
0.000 0.000
0.000 0.000
0.000 0.000
0.000 0.000
0.000 0.000
0.000 0.000
0.000 0.000
0.000 0.000
0.000 0.000
0.000 0.000
0.000 0.000
0.000 0.000
0.000 0.000
0.000 0.000
0.000 0.000
0.000 0.000
0.000 0.000
0.000 0.000
0.000 0.000
0.000 0.000
0.000 0.000
0.000 0.000
0.000 0.000
0.000 0.000
0.000 0.000
0.000 0.000
0.000 0.000
0.000 0.000
0.000 0.000
0.000 0.000
0.000 0.000
0.000 0.000
0.000 0.000
0.000 0.000
0.000 0.000
0.000 0.000
0.000 0.000
0.000 0.000
0.000 0.000
0.000 0.000
0.000 0.000
0.000 0.000
0.000 0.000
0.000 0.000
0.000 0.000
0.000 0.000
0.000 0.000
0.000 0.000
0.000 0.000
0.000 0.000
0.000 0.000
0.000 0.000
0.000 0.000
0.000 0.000
0.000 0.000
0.000 0.000
0.000 0.000
0.000 0.000
0.000 0.000
0.000 0.000
0.000 0.000
0.000 0.000
0.000 0.000
0.000 0.000
0.000 0.000
0.000 0.000
0.000 0.000
0.000 0.000
0.000 0.000
0.000 0.000
0.000 0.000
0.000 0.000
0.000 0.000
0.000 0.000
0.000 0.000
0.000 0.000
0.000 0.000
0.000 0.000
0.000 0.000
0.000 0.000
0.000 0.000
0.000 0.000
0.000 0.000
0.000 0.000
0.000 0.000
0.000 0.000
0.000 0.000
0.000 0.000
0.000 0.000
0.000 0.000
0.000 0.000
0.000 0.000
0.000 0.000
0.000 0.000
0.000 0.000
0.000 0.000
0.000 0.000
0.000 0.000
0.000 0.000
0.000 0.000
0.000 0.000
0.000 0.000
0.000 0.000
0.000 0.000
0.000 0.000
0.000 0.000
0.000 0.000
0.000 0.000
0.000 0.000
0.000 0.000
0.000 0.000
0.000 0.000
0.000 0.000
0.000 0.000
0.000 0.000
0.000 0.000
0.000 0.000
0.000 0.000
0.000 0.000
0.000 0.000
0.000 0.000
0.000 0.000
0.000 0.000
0.000 0.000
0.000 0.000
0.000 0.000
0.000 0.000
0.000 0.000
0.000 0.000
0.000 0.000
0.000 0.000
0.000 0.000
0.000 0.000
0.000 0.000
0.000 0.000
0.000 0.000
0.000 0.000
0.000 0.000
0.000 0.000
0.000 0.000
0.000 0.000
0.000 0.000
0.000 0.000
0.000 0.000
0.000 0.000
0.000 0.000
0.000 0.000
0.000 0.000
0.000 0.000
0.000 0.000
0.000 0.000
0.000 0.000
0.000 0.000
0.000 0.000
0.000 0.000
0.000 0.000
0.000 0.000
0.000 0.000
0.000 0.000
0.000 0.000
0.000 0.000
0.000 0.000
0.000 0.000
0.000 0.000
0.000 0.000
0.000 0.000
0.000 0.000
0.000 0.000
0.000 0.000
0.000 0.000
0.000 0.000
0.000 0.000
0.000 0.000
0.000 0.000
0.000 0.000
0.000 0.000
0.000 0.000
0.000 0.000
0.000 0.000
0.000 0.000
0.000 0.000
0.000 0.000
0.000 0.000
0.000 0.000
0.000 0.000
0.000 0.000
0.000 0.000
0.000 0.000
0.000 0.000
0.000 0.000
0.000 0.000
0.000 0.000
0.000 0.000
0.000 0.000
0.000 0.000
0.000 0.000
0.000 0.000
0.000 0.000
0.000 0.000
0.000 0.000
0.000 0.000
0.000 0.000
0.000 0.000
0.000 0.000
0.000 0.000
0.000 0.000
0.000 0.000
0.000 0.000
0.000 0.000
0.000 0.000
0.000 0.000
0.000 0.000
0.000 0.000
0.000 0.000
0.000 0.000
0.000 0.000
0.000 0.000
0.000 0.000
0.000 0.000
0.000 0.000
0.000 0.000
0.000 0.000
0.000 0.000
0.000 0.000
0.000 0.000
0.000 0.000
0.000 0.000
0.000 0.000
0.000 0.000
0.000 0.000
0.000 0.000
0.000 0.000
0.000 0.000
0.000 0.000
0.000 0.000
0.000 0.000
0.000 0.000
0.000 0.000
0.000 0.000
0.000 0.000
0.000 0.000
0.000 0.000
0.000 0.000
0.000 0.000
0.000 0.000
0.000 0.000
0.000 0.000
0.000 0.000
0.000 0.000
0.000 0.000
0.000 0.000
0.000 0.000
0.000 0.000
0.000 0.000
0.000 0.000
0.000 0.000
0.000 0.000
0.000 0.000
0.000 0.000
0.000 0.000
0.000 0.000
0.000 0.000
0.000 0.000
0.000 0.000
0.000 0.000
0.000 0.000
0.000 0.000
0.000 0.000
0.000 0.000
0.000 0.000
0.000 0.000
0.000 0.000
0.000 0.000
0.000 0.000
0.000 0.000
0.000 0.000
0.000 0.000
0.000 0.000
0.000 0.000
0.000 0.000
0.000 0.000
0.000 0.000
0.000 0.000
0.000 0.000
0.000 0.000
0.000 0.000
0.000 0.000
0.000 0.000
0.000 0.000
0.000 0.000
0.000 0.000
0.000 0.000
0.000 0.000
0.000 0.000
0.000 0.000
0.000 0.000
0.000 0.000
0.000 0.000
0.000 0.000
0.000 0.000
0.000 0.000
0.000 0.000
0.000 0.000
0.000 0.000
0.000 0.000
0.000 0.000
0.000 0.000
0.000 0.000
0.000 0.000
0.000 0.000
0.000 0.000
0.000 0.000
0.000 0.000
0.000 0.000
0.000 0.000
0.000 0.000
0.000 0.000
0.000 0.000
0.000 0.000
0.000 0.000
0.000 0.000
0.000 0.000
0.000 0.000
0.000 0.000
0.000 0.000
0.000 0.000
0.000 0.000
0.000 0.000
0.000 0.000
0.000 0.000
0.000 0.000
0.000 0.000
0.000 0.000
0.000 0.000
0.000 0.000
0.000 0.000
0.000 0.000
0.000 0.000
0.000 0.000
0.000 0.000
0.000 0.000
0.000 0.000
0.000 0.000
0.000 0.000
0.000 0.000
0.000 0.000
0.000 0.000
0.000 0.000
0.000 0.000
0.000 0.000
0.000 0.000
0.000 0.000
0.000 0.000
0.000 0.000
0.000 0.000
0.000 0.000
0.000 0.000
0.000 0.000
0.000 0.000
0.000 0.000
0.000 0.000
0.000 0.000
0.000 0.000
0.000 0.000
0.000 0.000
0.000 0.000
0.000 0.000
0.000 0.000
0.000 0.000
0.000 0.000
0.000 0.000
0.000 0.000
0.000 0.000
0.000 0.000
0.000 0.000
0.000 0.000
0.000 0.000
0.000 0.000
0.000 0.000
0.000 0.000
0.000 0.000
0.000 0.000
0.000 0.000
0.000 0.000
0.000 0.000
0.000 0.000
0.000 0.000
0.000 0.000
0.000 0.000
0.000 0.000
0.000 0.000
0.000 0.000
0.000 0.000
0.000 0.000
0.000 0.000
0.000 0.000
0.000 0.000
0.000 0.000
0.000 0.000
0.000 0.000
0.000 0.000
0.000 0.000
0.000 0.000
0.000 0.000
0.000 0.000
0.000 0.000
0.000 0.000
0.000 0.000
0.000 0.000
0.000 0.000
0.000 0.000
0.000 0.000
0.000 0.000
0.000 0.000
0.000 0.000
0.000 0.000
0.000 0.000
0.000 0.000
0.000 0.000
0.000 0.000
0.000 0.000
0.000 0.000
0.000 0.000
0.000 0.000
0.000 0.000
0.000 0.000
0.000 0.000
0.000 0.000
0.000 0.000
0.000 0.000
0.000 0.000
0.000 0.000
0.000 0.000
0.000 0.000
0.000 0.000
0.000 0.000
0.000 0.000
0.000 0.000
0.000 0.000
0.000 0.000
0.000 0.000
0.000 0.000
0.000 0.000
0.000 0.000
0.000 0.000
0.000 0.000
0.000 0.000
0.000 0.000
0.000 0.000
0.000 0.000
0.000 0.000
0.000 0.000
0.000 0.000
0.000 0.000
0.000 0.000
0.000 0.000
0.000 0.000
0.000 0.000
0.000 0.000
0.000 0.000
0.000 0.000
0.000 0.000
0.000 0.000
0.000 0.000
0.000 0.000
0.000 0.000
0.000 0.000
0.000 0.000
0.000 0.000
0.000 0.000
0.000 0.000
0.000 0.000
0.000 0.000
0.000 0.000
0.000 0.000
0.000 0.000
0.000 0.000
0.000 0.000
0.000 0.000
0.000 0.000
0.000 0.000
0.000 0.000
0.000 0.000
0.000 0.000
0.000 0.000
0.000 0.000
0.000 0.000
0.000 0.000
0.000 0.000
0.000 0.000
0.000 0.000
0.000 0.000
0.000 0.000
0.000 0.000
0.000 0.000
0.000 0.000
0.000 0.000
0.000 0.000
0.000 0.000
0.000 0.000
0.000 0.000
0.000 0.000
0.000 0.000
0.000 0.000
0.000 0.000
0.000 0.000
0.000 0.000
0.000 0.000
0.000 0.000
0.000 0.000
0.000 0.000
0.000 0.000
0.000 0.000
0.000 0.000
0.000 0.000
0.000 0.000
0.000 0.000
0.000 0.000
0.000 0.000
0.000 0.000
0.000 0.000
0.000 0.000
0.000 0.000
0.000 0.000
0.000 0.000
0.000 0.000
0.000 0.000
0.000 0.000
0.000 0.000
0.000 0.000
0.000 0.000
0.000 0.000
0.000 0.000
0.000 0.000
0.000 0.000
0.000 0.000
0.000 0.000
0.000 0.000
0.000 0.000
0.000 0.000
0.000 0.000
0.000 0.000
0.000 0.000
0.000 0.000
0.000 0.000
0.000 0.000
0.000 0.000
0.000 0.000
0.000 0.000
0.000 0.000
0.000 0.000
0.000 0.000
0.000 0.000
0.000 0.000
0.000 0.000
0.000 0.000
0.000 0.000
0.000 0.000
0.000 0.000
0.000 0.000
0.000 0.000
0.000 0.000
0.000 0.000
0.000 0.000
0.000 0.000
0.000 0.000
0.000 0.000
0.000 0.000
0.000 0.000
0.000 0.000
0.000 0.000
0.000 0.000
0.000 0.000
0.000 0.000
0.000 0.000
0.000 0.000
0.000 0.000
0.000 0.000
0.000 0.000
0.000 0.000
0.000 0.000
0.000 0.000
0.000 0.000
0.000 0.000
0.000 0.000
0.000 0.000
0.000 0.000
0.000 0.000
0.000 0.000
0.000 0.000
0.000 0.000
0.000 0.000
0.000 0.000
0.000 0.000
0.000 0.000
0.000 0.000
0.000 0.000
0.000 0.000
0.000 0.000
0.000 0.000
0.000 0.000
0.000 0.000
0.000 0.000
0.000 0.000
0.000 0.000
0.000 0.000
0.000 0.000
0.000 0.000
0.000 0.000
0.000 0.000
0.000 0.000
0.000 0.000
0.000 0.000
0.000 0.000
0.000 0.000
0.000 0.000
0.000 0.000
0.000 0.000
0.000 0.000
0.000 0.000
0.000 0.000
0.000 0.000
0.000 0.000
0.000 0.000
0.000 0.000
0.000 0.000
0.000 0.000
0.000 0.000
0.000 0.000
0.000 0.000
0.000 0.000
0.000 0.000
0.000 0.000
0.000 0.000
0.000 0.000
0.000 0.000
0.000 0.000
0.000 0.000
0.000 0.000
0.000 0.000
0.000 0.000
0.000 0.000
0.000 0.000
0.000 0.000
0.000 0.000
0.000 0.000
0.000 0.000
0.000 0.000
0.000 0.000
0.000 0.000
0.000 0.000
0.000 0.000
0.000 0.000
0.000 0.000
0.000 0.000
0.000 0.000
0.000 0.000
0.000 0.000
0.000 0.000
0.000 0.000
0.000 0.000
0.000 0.000
0.000 0.000
0.000 0.000
0.000 0.000
0.000 0.000
0.000 0.000
0.000 0.000
0.000 0.000
0.000 0.000
0.000 0.000
0.000 0.000
0.000 0.000
0.000 0.000
0.000 0.000
0.000 0.000
0.000 0.000
0.000 0.000
0.000 0.000
0.000 0.000
0.000 0.000
0.000 0.000
0.000 0.000
0.000 0.000
0.000 0.000
0.000 0.000
0.000 0.000
0.000 0.000
0.000 0.000
0.000 0.000
0.000 0.000
0.000 0.000
0.000 0.000
0.000 0.000
0.000 0.000
0.000 0.000
0.000 0.000
0.000 0.000
0.000 0.000
0.000 0.000
0.000 0.000
0.000 0.000
0.000 0.000
0.000 0.000
0.000 0.000
0.000 0.000
0.000 0.000
0.000 0.000
0.000 0.000
0.000 0.000
0.000 0.000
0.000 0.000
0.000 0.000
0.000 0.000
0.000 0.000
0.000 0.000
0.000 0.000
0.000 0.000
0.000 0.000
0.000 0.000
0.000 0.000
0.000 0.000
0.000 0.000
0.000 0.000
0.000 0.000
0.000 0.000
0.000 0.000
0.000 0.000
0.000 0.000
0.000 0.000
0.000 0.000
0.000 0.000
0.000 0.000
0.000 0.000
0.000 0.000
0.000 0.000
0.000 0.000
0.000 0.000
0.000 0.000
0.000 0.000
0.000 0.000
0.000 0.000
0.000 0.000
0.000 0.000
0.000 0.000
0.000 0.000
0.000 0.000
0.000 0.000
0.000 0.000
0.000 0.000
0.000 0.000
0.000 0.000
0.000 0.000
0.000 0.000
0.000 0.000
0.000 0.000
0.000 0.000
0.000 0.000
0.000 0.000
0.000 0.000
0.000 0.000
0.000 0.000
0.000 0.000
0.000 0.000
0.000 0.000
0.000 0.000
0.000 0.000
0.000 0.000
0.000 0.000
0.000 0.000
0.000 0.000
0.000 0.000
0.000 0.000
0.000 0.000
0.000 0.000
0.000 0.000
0.000 0.000
0.000 0.000
0.000 0.000
0.000 0.000
0.000 0.000
0.000 0.000
0.000 0.000
0.000 0.000
0.000 0.000
0.000 0.000
0.000 0.000
0.000 0.000
0.000 0.000
0.000 0.000
0.000 0.000
0.000 0.000
0.000 0.000
0.000 0.000
0.000 0.000
0.000 0.000
0.000 0.000
0.000 0.000
0.000 0.000
0.000 0.000
0.000 0.000
0.000 0.000
0.000 0.000
0.000 0.000
0.000 0.000
0.000 0.000
0.000 0.000
0.000 0.000
0.000 0.000
0.000 0.000
0.000 0.000
0.000 0.000
0.000 0.000
0.000 0.000
0.000 0.000
0.000 0.000
0.000 0.000
0.000 0.000
0.000 0.000
0.000 0.000
0.000 0.000
0.000 0.000
0.000 0.000
0.000 0.000
0.000 0.000
0.000 0.000
0.000 0.000
0.000 0.000
0.000 0.000
0.000 0.000
0.000 0.000
0.000 0.000
0.000 0.000
0.000 0.000
0.000 0.000
0.000 0.000
0.000 0.000
0.000 0.000
0.000 0.000
0.000 0.000
0.000 0.000
0.000 0.000
0.000 0.000
0.000 0.000
0.000 0.000
0.000 0.000
0.000 0.000
0.000 0.000
0.000 0.000
0.000 0.000
0.000 0.000
0.000 0.000
0.000 0.000
0.000 0.000
0.000 0.000
0.000 0.000
0.000 0.000
0.000 0.000
0.000 0.000
0.000 0.000
0.000 0.000
0.000 0.000
0.000 0.000
0.000 0.000
0.000 0.000
0.000 0.000
0.000 0.000
0.000 0.000
0.000 0.000
0.000 0.000
0.000 0.000
0.000 0.000
0.000 0.000
0.000 0.000
0.000 0.000
0.000 0.000
0.000 0.000
0.000 0.000
0.000 0.000
0.000 0.000
0.000 0.000
0.000 0.000
0.000 0.000
0.000 0.000
0.000 0.000
0.000 0.000
0.000 0.000
0.000 0.000
0.000 0.000
0.000 0.000
0.000 0.000
0.000 0.000
0.000 0.000
0.000 0.000
0.000 0.000
0.000 0.000
0.000 0.000
0.000 0.000
0.000 0.000
0.000 0.000
0.000 0.000
0.000 0.000
0.000 0.000
0.000 0.000
0.000 0.000
0.000 0.000
0.000 0.000
0.000 0.000
0.000 0.000
0.000 0.000
0.000 0.000
0.000 0.000
0.000 0.000
0.000 0.000
0.000 0.000
0.000 0.000
0.000 0.000
0.000 0.000
0.000 0.000
0.000 0.000
0.000 0.000
0.000 0.000
0.000 0.000
0.000 0.000
0.000 0.000
0.000 0.000
0.000 0.000
0.000 0.000
0.000 0.000
0.000 0.000
0.000 0.000
0.000 0.000
0.000 0.000
0.000 0.000
0.000 0.000
0.000 0.000
0.000 0.000
0.000 0.000
0.000 0.000
0.000 0.000
0.000 0.000
0.000 0.000
0.000 0.000
0.000 0.000
0.000 0.000
0.000 0.000
0.000 0.000
0.000 0.000
0.000 0.000
0.000 0.000
0.000 0.000
0.000 0.000
0.000 0.000
0.000 0.000
0.000 0.000
0.000 0.000
0.000 0.000
0.000 0.000
0.000 0.000
0.000 0.000
0.000 0.000
0.000 0.000
0.000 0.000
0.000 0.000
0.000 0.000
0.000 0.000
0.000 0.000
0.000 0.000
0.000 0.000
0.000 0.000
0.000 0.000
0.000 0.000
0.000 0.000
0.000 0.000
0.000 0.000
0.000 0.000
0.000 0.000
0.000 0.000
0.000 0.000
0.000 0.000
0.000 0.000
0.000 0.000
0.000 0.000
0.000 0.000
0.000 0.000
0.000 0.000
0.000 0.000
0.000 0.000
0.000 0.000
0.000 0.000
0.000 0.000
0.000 0.000
0.000 0.000
0.000 0.000
0.000 0.000
0.000 0.000
0.000 0.000
0.000 0.000
0.000 0.000
0.000 0.000
0.000 0.000
0.000 0.000
0.000 0.000
0.000 0.000
0.000 0.000
0.000 0.000
0.000 0.000
0.000 0.000
0.000 0.000
0.000 0.000
0.000 0.000
0.000 0.000
0.000 0.000
0.000 0.000
0.000 0.000
0.000 0.000
0.000 0.000
0.000 0.000
0.000 0.000
0.000 0.000
0.000 0.000
0.000 0.000
0.000 0.000
0.000 0.000
0.000 0.000
0.000 0.000
0.000 0.000
0.000 0.000
0.000 0.000
0.000 0.000
0.000 0.000
0.000 0.000
0.000 0.000
0.000 0.000
0.000 0.000
0.000 0.000
0.000 0.000
0.000 0.000
0.000 0.000
0.000 0.000
0.000 0.000
0.000 0.000
0.000 0.000
0.000 0.000
0.000 0.000
0.000 0.000
0.000 0.000
0.000 0.000
0.000 0.000
0.000 0.000
0.000 0.000
0.000 0.000
0.000 0.000
0.000 0.000
0.000 0.000
0.000 0.000
0.000 0.000
0.000 0.000
0.000 0.000
0.000 0.000
0.000 0.000
0.000 0.000
0.000 0.000
0.000 0.000
0.000 0.000
0.000 0.000
0.000 0.000
0.000 0.000
0.000 0.000
0.000 0.000
0.000 0.000
0.000 0.000
0.000 0.000
0.000 0.000
0.000 0.000
0.000 0.000
0.000 0.000
0.000 0.000
0.000 0.000
0.000 0.000
0.000 0.000
0.000 0.000
0.000 0.000
0.000 0.000
0.000 0.000
0.000 0.000
0.000 0.000
0.000 0.000
0.000 0.000
0.000 0.000
0.000 0.000
0.000 0.000
0.000 0.000
0.000 0.000
0.000 0.000
0.000 0.000
0.000 0.000
0.000 0.000
0.000 0.000
0.000 0.000
0.000 0.000
0.000 0.000
0.000 0.000
0.000 0.000
0.000 0.000
0.000 0.000
0.000 0.000
0.000 0.000
0.000 0.000
0.000 0.000
0.000 0.000
0.000 0.000
0.000 0.000
0.000 0.000
0.000 0.000
0.000 0.000
0.000 0.000
0.000 0.000
0.000 0.000
0.000 0.000
0.000 0.000
0.000 0.000
0.000 0.000
0.000 0.000
0.000 0.000
0.000 0.000
0.000 0.000
0.000 0.000
0.000 0.000
0.000 0.000
0.000 0.000
0.000 0.000
0.000 0.000
0.000 0.000
0.000 0.000
0.000 0.000
0.000 0.000
0.000 0.000
0.000 0.000
0.000 0.000
0.000 0.000
0.000 0.000
0.000 0.000
0.000 0.000
0.000 0.000
0.000 0.000
0.000 0.000
0.000 0.000
0.000 0.000
0.000 0.000
0.000 0.000
0.000 0.000
0.000 0.000
0.000 0.000
0.000 0.000
0.000 0.000
0.000 0.000
0.000 0.000
0.000 0.000
0.000 0.000
0.000 0.000
0.000 0.000
0.000 0.000
0.000 0.000
0.000 0.000
0.000 0.000
0.000 0.000
0.000 0.000
0.000 0.000
0.000 0.000
0.000 0.000
0.000 0.000
0.000 0.000
0.000 0.000
0.000 0.000
0.000 0.000
0.000 0.000
0.000 0.000
0.000 0.000
0.000 0.000
0.000 0.000
0.000 0.000
0.000 0.000
0.000 0.000
0.000 0.000
0.000 0.000
0.000 0.000
0.000 0.000
0.000 0.000
0.000 0.000
0.000 0.000
0.000 0.000
0.000 0.000
0.000 0.000
0.000 0.000
0.000 0.000
0.000 0.000
0.000 0.000
0.000 0.000
0.000 0.000
0.000 0.000
0.000 0.000
0.000 0.000
0.000 0.000
0.000 0.000
0.000 0.000
0.000 0.000
0.000 0.000
0.000 0.000
0.000 0.000
0.000 0.000
0.000 0.000
0.000 0.000
0.000 0.000
0.000 0.000
0.000 0.000
0.000 0.000
0.000 0.000
0.000 0.000
0.000 0.000
0.000 0.000
0.000 0.000
0.000 0.000
0.000 0.000
0.000 0.000
0.000 0.000
0.000 0.000
0.000 0.000
0.000 0.000
0.000 0.000
0.000 0.000
0.000 0.000
0.000 0.000
0.000 0.000
0.000 0.000
0.000 0.000
0.000 0.000
0.000 0.000
0.000 0.000
0.000 0.000
0.000 0.000
0.000 0.000
0.000 0.000
0.000 0.000
0.000 0.000
0.000 0.000
0.000 0.000
0.000 0.000
0.000 0.000
0.000 0.000
0.000 0.000
0.000 0.000
0.000 0.000
0.000 0.000
0.000 0.000
0.000 0.000
0.000 0.000
0.000 0.000
0.000 0.000
0.000 0.000
0.000 0.000
0.000 0.000
0.000 0.000
0.000 0.000
0.000 0.000
0.000 0.000
0.000 0.000
0.000 0.000
0.000 0.000
0.000 0.000
0.000 0.000
0.000 0.000
0.000 0.000
0.000 0.000
0.000 0.000
0.000 0.000
0.000 0.000
0.000 0.000
0.000 0.000
0.000 0.000
0.000 0.000
0.000 0.000
0.000 0.000
0.000 0.000
0.000 0.000
0.000 0.000
0.000 0.000
0.000 0.000
0.000 0.000
0.000 0.000
0.000 0.000
0.000 0.000
0.000 0.000
0.000 0.000
0.000 0.000
0.000 0.000
0.000 0.000
0.000 0.000
0.000 0.000
0.000 0.000
0.000 0.000
0.000 0.000
0.000 0.000
0.000 0.000
0.000 0.000
0.000 0.000
0.000 0.000
0.000 0.000
0.000 0.000
0.000 0.000
0.000 0.000
0.000 0.000
0.000 0.000
0.000 0.000
0.000 0.000
0.000 0.000
0.000 0.000
0.000 0.000
0.000 0.000
0.000 0.000
0.000 0.000
0.000 0.000
0.000 0.000
0.000 0.000
0.000 0.000
0.000 0.000
0.000 0.000
0.000 0.000
0.000 0.000
0.000 0.000
0.000 0.000
0.000 0.000
0.000 0.000
0.000 0.000
0.000 0.000
0.000 0.000
0.000 0.000
0.000 0.000
0.000 0.000
0.000 0.000
0.000 0.000
0.000 0.000
0.000 0.000
0.000 0.000
0.000 0.000
0.000 0.000
0.000 0.000
0.000 0.000
0.000 0.000
0.000 0.000
0.000 0.000
0.000 0.000
0.000 0.000
0.000 0.000
0.000 0.000
0.000 0.000
0.000 0.000
0.000 0.000
0.000 0.000
0.000 0.000
0.000 0.000
0.000 0.000
0.000 0.000
0.000 0.000
0.000 0.000
0.000 0.000
0.000 0.000
0.000 0.000
0.000 0.000
0.000 0.000
0.000 0.000
0.000 0.000
0.000 0.000
0.000 0.000
0.000 0.000
0.000 0.000
0.000 0.000
0.000 0.000
0.000 0.000
0.000 0.000
0.000 0.000
0.000 0.000
0.000 0.000
0.000 0.000
0.000 0.000
0.000 0.000
0.000 0.000
0.000 0.000
0.000 0.000
0.000 0.000
0.000 0.000
0.000 0.000
0.000 0.000
0.000 0.000
0.000 0.000
0.000 0.000
0.000 0.000
0.000 0.000
0.000 0.000
0.000 0.000
0.000 0.000
0.000 0.000
0.000 0.000
0.000 0.000
0.000 0.000
0.000 0.000
0.000 0.000
0.000 0.000
0.000 0.000
0.000 0.000
0.000 0.000
0.000 0.000
0.000 0.000
0.000 0.000
0.000 0.000
0.000 0.000
0.000 0.000
0.000 0.000
0.000 0.000
0.000 0.000
0.000 0.000
0.000 0.000
0.000 0.000
0.000 0.000
0.000 0.000
0.000 0.000
0.000 0.000
0.000 0.000
0.000 0.000
0.000 0.000
0.000 0.000
0.000 0.000
0.000 0.000
0.000 0.000
0.000 0.000
0.000 0.000
0.000 0.000
0.000 0.000
0.000 0.000
0.000 0.000
0.000 0.000
0.000 0.000
0.000 0.000
0.000 0.000
0.000 0.000
0.000 0.000
0.000 0.000
0.000 0.000
0.000 0.000
0.000 0.000
0.000 0.000
0.000 0.000
0.000 0.000
0.000 0.000
0.000 0.000
0.000 0.000
0.000 0.000
0.000 0.000
0.000 0.000
0.000 0.000
0.000 0.000
0.000 0.000
0.000 0.000
0.000 0.000
0.000 0.000
0.000 0.000
0.000 0.000
0.000 0.000
0.000 0.000
0.000 0.000
0.000 0.000
0.000 0.000
0.000 0.000
0.000 0.000
0.000 0.000
0.000 0.000
0.000 0.000
0.000 0.000
0.000 0.000
0.000 0.000
0.000 0.000
0.000 0.000
0.000 0.000
0.000 0.000
0.000 0.000
0.000 0.000
0.000 0.000
0.000 0.000
0.000 0.000
0.000 0.000
0.000 0.000
0.000 0.000
0.000 0.000
0.000 0.000
0.000 0.000
0.000 0.000
0.000 0.000
0.000 0.000
0.000 0.000
0.000 0.000
0.000 0.000
0.000 0.000
0.000 0.000
0.000 0.000
0.000 0.000
0.000 0.000
0.000 0.000
0.000 0.000
0.000 0.000
0.000 0.000
0.000 0.000
0.000 0.000
0.000 0.000
0.000 0.000
0.000 0.000
0.000 0.000
0.000 0.000
0.000 0.000
0.000 0.000
0.000 0.000
0.000 0.000
0.000 0.000
0.000 0.000
0.000 0.000
0.000 0.000
0.000 0.000
0.000 0.000
0.000 0.000
0.000 0.000
0.000 0.000
0.000 0.000
0.000 0.000
0.000 0.000
0.000 0.000
0.000 0.000
0.000 0.000
0.000 0.000
0.000 0.000
0.000 0.000
0.000 0.000
0.000 0.000
0.000 0.000
0.000 0.000
0.000 0.000
0.000 0.000
0.000 0.000
0.000 0.000
0.000 0.000
0.000 0.000
0.000 0.000
0.000 0.000
0.000 0.000
0.000 0.000
0.000 0.000
0.000 0.000
0.000 0.000
0.000 0.000
0.000 0.000
0.000 0.000
0.000 0.000
0.000 0.000
0.000 0.000
0.000 0.000
0.000 0.000
0.000 0.000
0.000 0.000
0.000 0.000
0.000 0.000
0.000 0.000
0.000 0.000
0.000 0.000
0.000 0.000
0.000 0.000
0.000 0.000
0.000 0.000
0.000 0.000
0.000 0.000
0.000 0.000
0.000 0.000
0.000 0.000
0.000 0.000
0.000 0.000
0.000 0.000
0.000 0.000
0.000 0.000
0.000 0.000
0.000 0.000
0.000 0.000
0.000 0.000
0.000 0.000
0.000 0.000
0.000 0.000
0.000 0.000
0.000 0.000
0.000 0.000
0.000 0.000
0.000 0.000
0.000 0.000
0.000 0.000
0.000 0.000
0.000 0.000
0.000 0.000
0.000 0.000
0.000 0.000
0.000 0.000
0.000 0.000
0.000 0.000
0.000 0.000
0.000 0.000
0.000 0.000
0.000 0.000
0.000 0.000
0.000 0.000
0.000 0.000
0.000 0.000
0.000 0.000
0.000 0.000
0.000 0.000
0.000 0.000
0.000 0.000
0.000 0.000
0.000 0.000
0.000 0.000
0.000 0.000
0.000 0.000
0.000 0.000
0.000 0.000
0.000 0.000
0.000 0.000
0.000 0.000
0.000 0.000
0.000 0.000
0.000 0.000
0.000 0.000
0.000 0.000
0.000 0.000
0.000 0.000
0.000 0.000
0.000 0.000
0.000 0.000
0.000 0.000
0.000 0.000
0.000 0.000
0.000 0.000
0.000 0.000
0.000 0.000
0.000 0.000
0.000 0.000
0.000 0.000
0.000 0.000
0.000 0.000
0.000 0.000
0.000 0.000
0.000 0.000
0.000 0.000
0.000 0.000
0.000 0.000
0.000 0.000
0.000 0.000
0.000 0.000
0.000 0.000
0.000 0.000
0.000 0.000
0.000 0.000
0.000 0.000
0.000 0.000
0.000 0.000
0.000 0.000
0.000 0.000
0.000 0.000
0.000 0.000
0.000 0.000
0.000 0.000
0.000 0.000
0.000 0.000
0.000 0.000
0.000 0.000
0.000 0.000
0.000 0.000
0.000 0.000
0.000 0.000
0.000 0.000
0.000 0.000
0.000 0.000
0.000 0.000
0.000 0.000
0.000 0.000
0.000 0.000
0.000 0.000
0.000 0.000
0.000 0.000
0.000 0.000
0.000 0.000
0.000 0.000
0.000 0.000
0.000 0.000
0.000 0.000
0.000 0.000
0.000 0.000
0.000 0.000
0.000 0.000
0.000 0.000
0.000 0.000
0.000 0.000
0.000 0.000
0.000 0.000
0.000 0.000
0.000 0.000
0.000 0.000
0.000 0.000
0.000 0.000
0.000 0.000
0.000 0.000
0.000 0.000
0.000 0.000
0.000 0.000
0.000 0.000
0.000 0.000
0.000 0.000
0.000 0.000
0.000 0.000
0.000 0.000
0.000 0.000
0.000 0.000
0.000 0.000
0.000 0.000
0.000 0.000
0.000 0.000
0.000 0.000
0.000 0.000
0.000 0.000
0.000 0.000
0.000 0.000
0.000 0.000
0.000 0.000
0.000 0.000
0.000 0.000
0.000 0.000
0.000 0.000
0.000 0.000
0.000 0.000
0.000 0.000
0.000 0.000
0.000 0.000
0.000 0.000
0.000 0.000
0.000 0.000
0.000 0.000
0.000 0.000
0.000 0.000
0.000 0.000
0.000 0.000
0.000 0.000
0.000 0.000
0.000 0.000
0.000 0.000
0.000 0.000
0.000 0.000
0.000 0.000
0.000 0.000
0.000 0.000
0.000 0.000
0.000 0.000
0.000 0.000
0.000 0.000
0.000 0.000
0.000 0.000
0.000 0.000
0.000 0.000
0.000 0.000
0.000 0.000
0.000 0.000
0.000 0.000
0.000 0.000
0.000 0.000
0.000 0.000
0.000 0.000
0.000 0.000
0.000 0.000
0.000 0.000
0.000 0.000
0.000 0.000
0.000 0.000
0.000 0.000
0.000 0.000
0.000 0.000
0.000 0.000
0.000 0.000
0.000 0.000
0.000 0.000
0.000 0.000
0.000 0.000
0.000 0.000
0.000 0.000
0.000 0.000
0.000 0.000
0.000 0.000
0.000 0.000
0.000 0.000
0.000 0.000
0.000 0.000
0.000 0.000
0.000 0.000
0.000 0.000
0.000 0.000
0.000 0.000
0.000 0.000
0.000 0.000
0.000 0.000
0.000 0.000
0.000 0.000
0.000 0.000
0.000 0.000
0.000 0.000
0.000 0.000
0.000 0.000
0.000 0.000
0.000 0.000
0.000 0.000
0.000 0.000
0.000 0.000
0.000 0.000
0.000 0.000
0.000 0.000
0.000 0.000
0.000 0.000
0.000 0.000
0.000 0.000
0.000 0.000
0.000 0.000
0.000 0.000
0.000 0.000
0.000 0.000
0.000 0.000
0.000 0.000
0.000 0.000
0.000 0.000
0.000 0.000
0.000 0.000
0.000 0.000
0.000 0.000
0.000 0.000
0.000 0.000
0.000 0.000
0.000 0.000
0.000 0.000
0.000 0.000
0.000 0.000
0.000 0.000
0.000 0.000
0.000 0.000
0.000 0.000
0.000 0.000
0.000 0.000
0.000 0.000
0.000 0.000
0.000 0.000
0.000 0.000
0.000 0.000
0.000 0.000
0.000 0.000
0.000 0.000
0.000 0.000
0.000 0.000
0.000 0.000
0.000 0.000
0.000 0.000
0.000 0.000
0.000 0.000
0.000 0.000
0.000 0.000
0.000 0.000
0.000 0.000
0.000 0.000
0.000 0.000
0.000 0.000
0.000 0.000
0.000 0.000
0.000 0.000
0.000 0.000
0.000 0.000
0.000 0.000
0.000 0.000
0.000 0.000
0.000 0.000
0.000 0.000
0.000 0.000
0.000 0.000
0.000 0.000
0.000 0.000
0.000 0.000
0.000 0.000
0.000 0.000
0.000 0.000
0.000 0.000
0.000 0.000
0.000 0.000
0.000 0.000
0.000 0.000
0.000 0.000
0.000 0.000
0.000 0.000
0.000 0.000
0.000 0.000
0.000 0.000
0.000 0.000
0.000 0.000
0.000 0.000
0.000 0.000
0.000 0.000
0.000 0.000
0.000 0.000
0.000 0.000
0.000 0.000
0.000 0.000
0.000 0.000
0.000 0.000
0.000 0.000
0.000 0.000
0.000 0.000
0.000 0.000
0.000 0.000
0.000 0.000
0.000 0.000
0.000 0.000
0.000 0.000
0.000 0.000
0.000 0.000
0.000 0.000
0.000 0.000
0.000 0.000
0.000 0.000
0.000 0.000
0.000 0.000
0.000 0.000
0.000 0.000
0.000 0.000
0.000 0.000
0.000 0.000
0.000 0.000
0.000 0.000
0.000 0.000
0.000 0.000
0.000 0.000
0.000 0.000
0.000 0.000
0.000 0.000
0.000 0.000
0.000 0.000
0.000 0.000
0.000 0.000
0.000 0.000
0.000 0.000
0.000 0.000
0.000 0.000
0.000 0.000
0.000 0.000
0.000 0.000
0.000 0.000
0.000 0.000
0.000 0.000
0.000 0.000
0.000 0.000
0.000 0.000
0.000 0.000
0.000 0.000
0.000 0.000
0.000 0.000
0.000 0.000
0.000 0.000
0.000 0.000
0.000 0.000
0.000 0.000
0.000 0.000
0.000 0.000
0.000 0.000
0.000 0.000
0.000 0.000
0.000 0.000
0.000 0.000
0.000 0.000
0.000 0.000
0.000 0.000
0.000 0.000
0.000 0.000
0.000 0.000
0.000 0.000
0.000 0.000
0.000 0.000
0.000 0.000
0.000 0.000
0.000 0.000
0.000 0.000
0.000 0.000
0.000 0.000
0.000 0.000
0.000 0.000
0.000 0.000
0.000 0.000
0.000 0.000
0.000 0.000
0.000 0.000
0.000 0.000
0.000 0.000
0.000 0.000
0.000 0.000
0.000 0.000
0.000 0.000
0.000 0.000
0.000 0.000
0.000 0.000
0.000 0.000
0.000 0.000
0.000 0.000
0.000 0.000
0.000 0.000
0.000 0.000
0.000 0.000
0.000 0.000
0.000 0.000
0.000 0.000
0.000 0.000
0.000 0.000
0.000 0.000
0.000 0.000
0.000 0.000
0.000 0.000
0.000 0.000
0.000 0.000
0.000 0.000
0.000 0.000
0.000 0.000
0.000 0.000
0.000 0.000
0.000 0.000
0.000 0.000
0.000 0.000
0.000 0.000
0.000 0.000
0.000 0.000
0.000 0.000
0.000 0.000
0.000 0.000
0.000 0.000
0.000 0.000
0.000 0.000
0.000 0.000
0.000 0.000
0.000 0.000
0.000 0.000
0.000 0.000
0.000 0.000
0.000 0.000
0.000 0.000
0.000 0.000
0.000 0.000
0.000 0.000
0.000 0.000
0.000 0.000
0.000 0.000
0.000 0.000
0.000 0.000
0.000 0.000
0.000 0.000
0.000 0.000
0.000 0.000
0.000 0.000
0.000 0.000
0.000 0.000
0.000 0.000
0.000 0.000
0.000 0.000
0.000 0.000
0.000 0.000
0.000 0.000
0.000 0.000
0.000 0.000
0.000 0.000
0.000 0.000
0.000 0.000
0.000 0.000
0.000 0.000
0.000 0.000
0.000 0.000
0.000 0.000
0.000 0.000
0.000 0.000
0.000 0.000
0.000 0.000
0.000 0.000
0.000 0.000
0.000 0.000
0.000 0.000
0.000 0.000
0.000 0.000
0.000 0.000
0.000 0.000
0.000 0.000
0.000 0.000
0.000 0.000
0.000 0.000
0.000 0.000
0.000 0.000
0.000 0.000
0.000 0.000
0.000 0.000
0.000 0.000
0.000 0.000
0.000 0.000
0.000 0.000
0.000 0.000
0.000 0.000
0.000 0.000
0.000 0.000
0.000 0.000
0.000 0.000
0.000 0.000
0.000 0.000
0.000 0.000
0.000 0.000
0.000 0.000
0.000 0.000
0.000 0.000
0.000 0.000
0.000 0.000
0.000 0.000
0.000 0.000
0.000 0.000
0.000 0.000
0.000 0.000
0.000 0.000
0.000 0.000
0.000 0.000
0.000 0.000
0.000 0.000
0.000 0.000
0.000 0.000
0.000 0.000
0.000 0.000
0.000 0.000
0.000 0.000
0.000 0.000
0.000 0.000
0.000 0.000
0.000 0.000
0.000 0.000
0.000 0.000
0.000 0.000
0.000 0.000
0.000 0.000
0.000 0.000
0.000 0.000
0.000 0.000
0.000 0.000
0.000 0.000
0.000 0.000
0.000 0.000
0.000 0.000
0.000 0.000
0.000 0.000
0.000 0.000
0.000 0.000
0.000 0.000
0.000 0.000
0.000 0.000
0.000 0.000
0.000 0.000
0.000 0.000
0.000 0.000
0.000 0.000
0.000 0.000
0.000 0.000
0.000 0.000
0.000 0.000
0.000 0.000
0.000 0.000
0.000 0.000
0.000 0.000
0.000 0.000
0.000 0.000
0.000 0.000
0.000 0.000
0.000 0.000
0.000 0.000
0.000 0.000
0.000 0.000
0.000 0.000
0.000 0.000
0.000 0.000
0.000 0.000
0.000 0.000
0.000 0.000
0.000 0.000
0.000 0.000
0.000 0.000
0.000 0.000
0.000 0.000
0.000 0.000
0.000 0.000
0.000 0.000
0.000 0.000
0.000 0.000
0.000 0.000
0.000 0.000
0.000 0.000
0.000 0.000
0.000 0.000
0.000 0.000
0.000 0.000
0.000 0.000
0.000 0.000
0.000 0.000
0.000 0.000
0.000 0.000
0.000 0.000
0.000 0.000
0.000 0.000
0.000 0.000
0.000 0.000
0.000 0.000
0.000 0.000
0.000 0.000
0.000 0.000
0.000 0.000
0.000 0.000
0.000 0.000
0.000 0.000
0.000 0.000
0.000 0.000
0.000 0.000
0.000 0.000
0.000 0.000
0.000 0.000
0.000 0.000
0.000 0.000
0.000 0.000
0.000 0.000
0.000 0.000
0.000 0.000
0.000 0.000
0.000 0.000
0.000 0.000
0.000 0.000
0.000 0.000
0.000 0.000
0.000 0.000
0.000 0.000
0.000 0.000
0.000 0.000
0.000 0.000
0.000 0.000
0.000 0.000
0.000 0.000
0.000 0.000
0.000 0.000
0.000 0.000
0.000 0.000
0.000 0.000
0.000 0.000
0.000 0.000
0.000 0.000
0.000 0.000
0.000 0.000
0.000 0.000
0.000 0.000
0.000 0.000
0.000 0.000
0.000 0.000
0.000 0.000
0.000 0.000
0.000 0.000
0.000 0.000
0.000 0.000
0.000 0.000
0.000 0.000
0.000 0.000
0.000 0.000
0.000 0.000
0.000 0.000
0.000 0.000
0.000 0.000
0.000 0.000
0.000 0.000
0.000 0.000
0.000 0.000
0.000 0.000
0.000 0.000
0.000 0.000
0.000 0.000
0.000 0.000
0.000 0.000
0.000 0.000
0.000 0.000
0.000 0.000
0.000 0.000
0.000 0.000
0.000 0.000
0.000 0.000
0.000 0.000
0.000 0.000
0.000 0.000
0.000 0.000
0.000 0.000
0.000 0.000
0.000 0.000
0.000 0.000
0.000 0.000
0.000 0.000
0.000 0.000
0.000 0.000
0.000 0.000
0.000 0.000
0.000 0.000
0.000 0.000
0.000 0.000
0.000 0.000
0.000 0.000
0.000 0.000
0.000 0.000
0.000 0.000
0.000 0.000
0.000 0.000
0.000 0.000
0.000 0.000
0.000 0.000
0.000 0.000
0.000 0.000
0.000 0.000
0.000 0.000
0.000 0.000
0.000 0.000
0.000 0.000
0.000 0.000
0.000 0.000
0.000 0.000
0.000 0.000
0.000 0.000
0.000 0.000
0.000 0.000
0.000 0.000
0.000 0.000
0.000 0.000
0.000 0.000
0.000 0.000
0.000 0.000
0.000 0.000
0.000 0.000
0.000 0.000
0.000 0.000
0.000 0.000
0.000 0.000
0.000 0.000
0.000 0.000
0.000 0.000
0.000 0.000
0.000 0.000
0.000 0.000
0.000 0.000
0.000 0.000
0.000 0.000
0.000 0.000
0.000 0.000
0.000 0.000
0.000 0.000
0.000 0.000
0.000 0.000
0.000 0.000
0.000 0.000
0.000 0.000
0.000 0.000
0.000 0.000
0.000 0.000
0.000 0.000
0.000 0.000
0.000 0.000
0.000 0.000
0.000 0.000
0.000 0.000
0.000 0.000
0.000 0.000
0.000 0.000
0.000 0.000
0.000 0.000
0.000 0.000
0.000 0.000
0.000 0.000
0.000 0.000
0.000 0.000
0.000 0.000
0.000 0.000
0.000 0.000
0.000 0.000
0.000 0.000
0.000 0.000
0.000 0.000
0.000 0.000
0.000 0.000
0.000 0.000
0.000 0.000
0.000 0.000
0.000 0.000
0.000 0.000
0.000 0.000
0.000 0.000
0.000 0.000
0.000 0.000
0.000 0.000
0.000 0.000
0.000 0.000
0.000 0.000
0.000 0.000
0.000 0.000
0.000 0.000
0.000 0.000
0.000 0.000
0.000 0.000
0.000 0.000
0.000 0.000
0.000 0.000
0.000 0.000
0.000 0.000
0.000 0.000
0.000 0.000
0.000 0.000
0.000 0.000
0.000 0.000
0.000 0.000
0.000 0.000
0.000 0.000
0.000 0.000
0.000 0.000
0.000 0.000
0.000 0.000
0.000 0.000
0.000 0.000
0.000 0.000
0.000 0.000
0.000 0.000
0.000 0.000
0.000 0.000
0.000 0.000
0.000 0.000
0.000 0.000
0.000 0.000
0.000 0.000
0.000 0.000
0.000 0.000
0.000 0.000
0.000 0.000
0.000 0.000
0.000 0.000
0.000 0.000
0.000 0.000
0.000 0.000
0.000 0.000
0.000 0.000
0.000 0.000
0.000 0.000
0.000 0.000
0.000 0.000
0.000 0.000
0.000 0.000
0.000 0.000
0.000 0.000
0.000 0.000
0.000 0.000
0.000 0.000
0.000 0.000
0.000 0.000
0.000 0.000
0.000 0.000
0.000 0.000
0.000 0.000
0.000 0.000
0.000 0.000
0.000 0.000
0.000 0.000
0.000 0.000
0.000 0.000
0.000 0.000
0.000 0.000
0.000 0.000
0.000 0.000
0.000 0.000
0.000 0.000
0.000 0.000
0.000 0.000
0.000 0.000
0.000 0.000
0.000 0.000
0.000 0.000
0.000 0.000
0.000 0.000
0.000 0.000
0.000 0.000
0.000 0.000
0.000 0.000
0.000 0.000
0.000 0.000
0.000 0.000
0.000 0.000
0.000 0.000
0.000 0.000
0.000 0.000
0.000 0.000
0.000 0.000
0.000 0.000
0.000 0.000
0.000 0.000
0.000 0.000
0.000 0.000
0.000 0.000
0.000 0.000
0.000 0.000
0.000 0.000
0.000 0.000
0.000 0.000
0.000 0.000
0.000 0.000
0.000 0.000
0.000 0.000
0.000 0.000
0.000 0.000
0.000 0.000
0.000 0.000
0.000 0.000
0.000 0.000
0.000 0.000
0.000 0.000
0.000 0.000
0.000 0.000
0.000 0.000
0.000 0.000
0.000 0.000
0.000 0.000
0.000 0.000
0.000 0.000
0.000 0.000
0.000 0.000
0.000 0.000
0.000 0.000
0.000 0.000
0.000 0.000
0.000 0.000
0.000 0.000
0.000 0.000
0.000 0.000
0.000 0.000
0.000 0.000
0.000 0.000
0.000 0.000
0.000 0.000
0.000 0.000
0.000 0.000
0.000 0.000
0.000 0.000
0.000 0.000
0.000 0.000
0.000 0.000
0.000 0.000
0.000 0.000
0.000 0.000
0.000 0.000
0.000 0.000
0.000 0.000
0.000 0.000
0.000 0.000
0.000 0.000
0.000 0.000
0.000 0.000
0.000 0.000
0.000 0.000
0.000 0.000
0.000 0.000
0.000 0.000
0.000 0.000
0.000 0.000
0.000 0.000
0.000 0.000
0.000 0.000
0.000 0.000
0.000 0.000
0.000 0.000
0.000 0.000
0.000 0.000
0.000 0.000
0.000 0.000
0.000 0.000
0.000 0.000
0.000 0.000
0.000 0.000
0.000 0.000
0.000 0.000
0.000 0.000
0.000 0.000
0.000 0.000
0.000 0.000
0.000 0.000
0.000 0.000
0.000 0.000
0.000 0.000
0.000 0.000
0.000 0.000
0.000 0.000
0.000 0.000
0.000 0.000
0.000 0.000
0.000 0.000
0.000 0.000
0.000 0.000
0.000 0.000
0.000 0.000
0.000 0.000
0.000 0.000
0.000 0.000
0.000 0.000
0.000 0.000
0.000 0.000
0.000 0.000
0.000 0.000
0.000 0.000
0.000 0.000
0.000 0.000
0.000 0.000
0.000 0.000
0.000 0.000
0.000 0.000
0.000 0.000
0.000 0.000
0.000 0.000
0.000 0.000
0.000 0.000
0.000 0.000
0.000 0.000
0.000 0.000
0.000 0.000
0.000 0.000
0.000 0.000
0.000 0.000
0.000 0.000
0.000 0.000
0.000 0.000
0.000 0.000
0.000 0.000
0.000 0.000
0.000 0.000
0.000 0.000
0.000 0.000
0.000 0.000
0.000 0.000
0.000 0.000
0.000 0.000
0.000 0.000
0.000 0.000
0.000 0.000
0.000 0.000
0.000 0.000
0.000 0.000
0.000 0.000
0.000 0.000
0.000 0.000
0.000 0.000
0.000 0.000
0.000 0.000
0.000 0.000
0.000 0.000
0.000 0.000
0.000 0.000
0.000 0.000
0.000 0.000
0.000 0.000
0.000 0.000
0.000 0.000
0.000 0.000
0.000 0.000
0.000 0.000
0.000 0.000
0.000 0.000
0.000 0.000
0.000 0.000
0.000 0.000
0.000 0.000
0.000 0.000
0.000 0.000
0.000 0.000
0.000 0.000
0.000 0.000
0.000 0.000
0.000 0.000
0.000 0.000
0.000 0.000
0.000 0.000
0.000 0.000
0.000 0.000
0.000 0.000
0.000 0.000
0.000 0.000
0.000 0.000
0.000 0.000
0.000 0.000
0.000 0.000
0.000 0.000
0.000 0.000
0.000 0.000
0.000 0.000
0.000 0.000
0.000 0.000
0.000 0.000
0.000 0.000
0.000 0.000
0.000 0.000
0.000 0.000
0.000 0.000
0.000 0.000
0.000 0.000
0.000 0.000
0.000 0.000
0.000 0.000
0.000 0.000
0.000 0.000
0.000 0.000
0.000 0.000
0.000 0.000
0.000 0.000
0.000 0.000
0.000 0.000
0.000 0.000
0.000 0.000
0.000 0.000
0.000 0.000
0.000 0.000
0.000 0.000
0.000 0.000
0.000 0.000
0.000 0.000
0.000 0.000
0.000 0.000
0.000 0.000
0.000 0.000
0.000 0.000
0.000 0.000
0.000 0.000
0.000 0.000
0.000 0.000
0.000 0.000
0.000 0.000
0.000 0.000
0.000 0.000
0.000 0.000
0.000 0.000
0.000 0.000
0.000 0.000
0.000 0.000
0.000 0.000
0.000 0.000
0.000 0.000
0.000 0.000
0.000 0.000
0.000 0.000
0.000 0.000
0.000 0.000
0.000 0.000
0.000 0.000
0.000 0.000
0.000 0.000
0.000 0.000
0.000 0.000
0.000 0.000
0.000 0.000
0.000 0.000
0.000 0.000
0.000 0.000
0.000 0.000
0.000 0.000
0.000 0.000
0.000 0.000
0.000 0.000
0.000 0.000
0.000 0.000
0.000 0.000
0.000 0.000
0.000 0.000
0.000 0.000
0.000 0.000
0.000 0.000
0.000 0.000
0.000 0.000
0.000 0.000
0.000 0.000
0.000 0.000
0.000 0.000
0.000 0.000
0.000 0.000
0.000 0.000
0.000 0.000
0.000 0.000
0.000 0.000
0.000 0.000
0.000 0.000
0.000 0.000
0.000 0.000
0.000 0.000
0.000 0.000
0.000 0.000
0.000 0.000
0.000 0.000
0.000 0.000
0.000 0.000
0.000 0.000
0.000 0.000
0.000 0.000
0.000 0.000
0.000 0.000
0.000 0.000
0.000 0.000
0.000 0.000
0.000 0.000
0.000 0.000
0.000 0.000
0.000 0.000
0.000 0.000
0.000 0.000
0.000 0.000
0.000 0.000
0.000 0.000
0.000 0.000
0.000 0.000
0.000 0.000
0.000 0.000
0.000 0.000
0.000 0.000
0.000 0.000
0.000 0.000
0.000 0.000
0.000 0.000
0.000 0.000
0.000 0.000
0.000 0.000
0.000 0.000
0.000 0.000
0.000 0.000
0.000 0.000
0.000 0.000
0.000 0.000
0.000 0.000
0.000 0.000
0.000 0.000
0.000 0.000
0.000 0.000
0.000 0.000
0.000 0.000
0.000 0.000
0.000 0.000
0.000 0.000
0.000 0.000
0.000 0.000
0.000 0.000
0.000 0.000
0.000 0.000
0.000 0.000
0.000 0.000
0.000 0.000
0.000 0.000
0.000 0.000
0.000 0.000
0.000 0.000
0.000 0.000
0.000 0.000
0.000 0.000
0.000 0.000
0.000 0.000
0.000 0.000
0.000 0.000
0.000 0.000
0.000 0.000
0.000 0.000
0.000 0.000
0.000 0.000
0.000 0.000
0.000 0.000
0.000 0.000
0.000 0.000
0.000 0.000
0.000 0.000
0.000 0.000
0.000 0.000
0.000 0.000
0.000 0.000
0.000 0.000
0.000 0.000
0.000 0.000
0.000 0.000
0.000 0.000
0.000 0.000
0.000 0.000
0.000 0.000
0.000 0.000
0.000 0.000
0.000 0.000
0.000 0.000
0.000 0.000
0.000 0.000
0.000 0.000
0.000 0.000
0.000 0.000
0.000 0.000
0.000 0.000
0.000 0.000
0.000 0.000
0.000 0.000
0.000 0.000
0.000 0.000
0.000 0.000
0.000 0.000
0.000 0.000
0.000 0.000
0.000 0.000
0.000 0.000
0.000 0.000
0.000 0.000
0.000 0.000
0.000 0.000
0.000 0.000
0.000 0.000
0.000 0.000
0.000 0.000
0.000 0.000
0.000 0.000
0.000 0.000
0.000 0.000
0.000 0.000
0.000 0.000
0.000 0.000
0.000 0.000
0.000 0.000
0.000 0.000
0.000 0.000
0.000 0.000
0.000 0.000
0.000 0.000
0.000 0.000
0.000 0.000
0.000 0.000
0.000 0.000
0.000 0.000
0.000 0.000
0.000 0.000
0.000 0.000
0.000 0.000
0.000 0.000
0.000 0.000
0.000 0.000
0.000 0.000
0.000 0.000
0.000 0.000
0.000 0.000
0.000 0.000
0.000 0.000
0.000 0.000
0.000 0.000
0.000 0.000
0.000 0.000
0.000 0.000
0.000 0.000
0.000 0.000
0.000 0.000
0.000 0.000
0.000 0.000
0.000 0.000
0.000 0.000
0.000 0.000
0.000 0.000
0.000 0.000
0.000 0.000
0.000 0.000
0.000 0.000
0.000 0.000
0.000 0.000
0.000 0.000
0.000 0.000
0.000 0.000
0.000 0.000
0.000 0.000
0.000 0.000
0.000 0.000
0.000 0.000
0.000 0.000
0.000 0.000
0.000 0.000
0.000 0.000
0.000 0.000
0.000 0.000
0.000 0.000
0.000 0.000
0.000 0.000
0.000 0.000
0.000 0.000
0.000 0.000
0.000 0.000
0.000 0.000
0.000 0.000
0.000 0.000
0.000 0.000
0.000 0.000
0.000 0.000
0.000 0.000
0.000 0.000
0.000 0.000
0.000 0.000
0.000 0.000
0.000 0.000
0.000 0.000
0.000 0.000
0.000 0.000
0.000 0.000
0.000 0.000
0.000 0.000
0.000 0.000
0.000 0.000
0.000 0.000
0.000 0.000
0.000 0.000
0.000 0.000
0.000 0.000
0.000 0.000
0.000 0.000
0.000 0.000
0.000 0.000
0.000 0.000
0.000 0.000
0.000 0.000
0.000 0.000
0.000 0.000
0.000 0.000
0.000 0.000
0.000 0.000
0.000 0.000
0.000 0.000
0.000 0.000
0.000 0.000
0.000 0.000
0.000 0.000
0.000 0.000
0.000 0.000
0.000 0.000
0.000 0.000
0.000 0.000
0.000 0.000
0.000 0.000
0.000 0.000
0.000 0.000
0.000 0.000
0.000 0.000
0.000 0.000
0.000 0.000
0.000 0.000
0.000 0.000
0.000 0.000
0.000 0.000
0.000 0.000
0.000 0.000
0.000 0.000
0.000 0.000
0.000 0.000
0.000 0.000
0.000 0.000
0.000 0.000
0.000 0.000
0.000 0.000
0.000 0.000
0.000 0.000
0.000 0.000
0.000 0.000
0.000 0.000
0.000 0.000
0.000 0.000
0.000 0.000
0.000 0.000
0.000 0.000
0.000 0.000
0.000 0.000
0.000 0.000
0.000 0.000
0.000 0.000
0.000 0.000
0.000 0.000
0.000 0.000
0.000 0.000
0.000 0.000
0.000 0.000
0.000 0.000
0.000 0.000
0.000 0.000
0.000 0.000
0.000 0.000
0.000 0.000
0.000 0.000
0.000 0.000
0.000 0.000
0.000 0.000
0.000 0.000
0.000 0.000
0.000 0.000
0.000 0.000
0.000 0.000
0.000 0.000
0.000 0.000
0.000 0.000
0.000 0.000
0.000 0.000
0.000 0.000
0.000 0.000
0.000 0.000
0.000 0.000
0.000 0.000
0.000 0.000
0.000 0.000
0.000 0.000
0.000 0.000
0.000 0.000
0.000 0.000
0.000 0.000
0.000 0.000
0.000 0.000
0.000 0.000
0.000 0.000
0.000 0.000
0.000 0.000
0.000 0.000
0.000 0.000
0.000 0.000
0.000 0.000
0.000 0.000
0.000 0.000
0.000 0.000
0.000 0.000
0.000 0.000
0.000 0.000
0.000 0.000
0.000 0.000
0.000 0.000
0.000 0.000
0.000 0.000
0.000 0.000
0.000 0.000
0.000 0.000
0.000 0.000
0.000 0.000
0.000 0.000
0.000 0.000
0.000 0.000
0.000 0.000
0.000 0.000
0.000 0.000
0.000 0.000
0.000 0.000
0.000 0.000
0.000 0.000
0.000 0.000
0.000 0.000
0.000 0.000
0.000 0.000
0.000 0.000
0.000 0.000
0.000 0.000
0.000 0.000
0.000 0.000
0.000 0.000
0.000 0.000
0.000 0.000
0.000 0.000
0.000 0.000
0.000 0.000
0.000 0.000
0.000 0.000
0.000 0.000
0.000 0.000
0.000 0.000
0.000 0.000
0.000 0.000
0.000 0.000
0.000 0.000
0.000 0.000
0.000 0.000
0.000 0.000
0.000 0.000
0.000 0.000
0.000 0.000
0.000 0.000
0.000 0.000
0.000 0.000
0.000 0.000
0.000 0.000
0.000 0.000
0.000 0.000
0.000 0.000
0.000 0.000
0.000 0.000
0.000 0.000
0.000 0.000
0.000 0.000
0.000 0.000
0.000 0.000
0.000 0.000
0.000 0.000
0.000 0.000
0.000 0.000
0.000 0.000
0.000 0.000
0.000 0.000
0.000 0.000
0.000 0.000
0.000 0.000
0.000 0.000
0.000 0.000
0.000 0.000
0.000 0.000
0.000 0.000
0.000 0.000
0.000 0.000
0.000 0.000
0.000 0.000
0.000 0.000
0.000 0.000
0.000 0.000
0.000 0.000
0.000 0.000
0.000 0.000
0.000 0.000
0.000 0.000
0.000 0.000
0.000 0.000
0.000 0.000
0.000 0.000
0.000 0.000
0.000 0.000
0.000 0.000
0.000 0.000
0.000 0.000
0.000 0.000
0.000 0.000
0.000 0.000
0.000 0.000
0.000 0.000
0.000 0.000
0.000 0.000
0.000 0.000
0.000 0.000
0.000 0.000
0.000 0.000
0.000 0.000
0.000 0.000
0.000 0.000
0.000 0.000
0.000 0.000
0.000 0.000
0.000 0.000
0.000 0.000
0.000 0.000
0.000 0.000
0.000 0.000
0.000 0.000
0.000 0.000
0.000 0.000
0.000 0.000
0.000 0.000
0.000 0.000
0.000 0.000
0.000 0.000
0.000 0.000
0.000 0.000
0.000 0.000
0.000 0.000
0.000 0.000
0.000 0.000
0.000 0.000
0.000 0.000
0.000 0.000
0.000 0.000
0.000 0.000
0.000 0.000
0.000 0.000
0.000 0.000
0.000 0.000
0.000 0.000
0.000 0.000
0.000 0.000
0.000 0.000
0.000 0.000
0.000 0.000
0.000 0.000
0.000 0.000
0.000 0.000
0.000 0.000
0.000 0.000
0.000 0.000
0.000 0.000
0.000 0.000
0.000 0.000
0.000 0.000
0.000 0.000
0.000 0.000
0.000 0.000
0.000 0.000
0.000 0.000
0.000 0.000
0.000 0.000
0.000 0.000
0.000 0.000
0.000 0.000
0.000 0.000
0.000 0.000
0.000 0.000
0.000 0.000
0.000 0.000
0.000 0.000
0.000 0.000
0.000 0.000
0.000 0.000
0.000 0.000
0.000 0.000
0.000 0.000
0.000 0.000
0.000 0.000
0.000 0.000
0.000 0.000
0.000 0.000
0.000 0.000
0.000 0.000
0.000 0.000
0.000 0.000
0.000 0.000
0.000 0.000
0.000 0.000
0.000 0.000
0.000 0.000
0.000 0.000
0.000 0.000
0.000 0.000
0.000 0.000
0.000 0.000
0.000 0.000
0.000 0.000
0.000 0.000
0.000 0.000
0.000 0.000
0.000 0.000
0.000 0.000
0.000 0.000
0.000 0.000
0.000 0.000
0.000 0.000
0.000 0.000
0.000 0.000
0.000 0.000
0.000 0.000
0.000 0.000
0.000 0.000
0.000 0.000
0.000 0.000
0.000 0.000
0.000 0.000
0.000 0.000
0.000 0.000
0.000 0.000
0.000 0.000
0.000 0.000
0.000 0.000
0.000 0.000
0.000 0.000
0.000 0.000
0.000 0.000
0.000 0.000
0.000 0.000
0.000 0.000
0.000 0.000
0.000 0.000
0.000 0.000
0.000 0.000
0.000 0.000
0.000 0.000
0.000 0.000
0.000 0.000
0.000 0.000
0.000 0.000
0.000 0.000
0.000 0.000
0.000 0.000
0.000 0.000
0.000 0.000
0.000 0.000
0.000 0.000
0.000 0.000
0.000 0.000
0.000 0.000
0.000 0.000
0.000 0.000
0.000 0.000
0.000 0.000
0.000 0.000
0.000 0.000
0.000 0.000
0.000 0.000
0.000 0.000
0.000 0.000
0.000 0.000
0.000 0.000
0.000 0.000
0.000 0.000
0.000 0.000
0.000 0.000
0.000 0.000
0.000 0.000
0.000 0.000
0.000 0.000
0.000 0.000
0.000 0.000
0.000 0.000
0.000 0.000
0.000 0.000
0.000 0.000
0.000 0.000
0.000 0.000
0.000 0.000
0.000 0.000
0.000 0.000
0.000 0.000
0.000 0.000
0.000 0.000
0.000 0.000
0.000 0.000
0.000 0.000
0.000 0.000
0.000 0.000
